# pushed 2026-09-23 19:22:19.912 (backgrounded)
# app=2.2 (build 13) device=Newland NLS-MT93 display=MT93-GL_V2.10.010_113007 android=13 (sdk 33) server=http://164.52.223.163:4636 location=TITLI NEEMUCH
# bytes 170411..242193

2026-09-23 19:05:05.270  I  SerialService: 'NC-sammarth': server holds 153 RFID(s) [1, 2, 3, 4, 5, 6, 7, 8, 9, 10, 11, 12, 13, 14, 15, 16, 17, 18, 19, 20, 21, 22, 23, 24, 25, 26, 27, 28, 29, 30, 31, 32, 33, 34, 35, 36, 37, 38, 39, 40, 41, 42, 43, 44, 45, 46, 47, 48, 49, 50, 51, 52, 53, 54, 55, 56, 57, 58, 59, 60, 61, 62, 63, 64, 65, 66, 67, 68, 69, 70, 71, 72, 73, 74, 75, 76, 77, 78, 79, 80, 81, 82, 83, 84, 85, 86, 87, 88, 89, 90, 91, 92, 93, 94, 95, 96, 97, 98, 99, 100, 101, 102, 103, 104, 105, 106, 107, 108, 109, 110, 111, 112, 113, 114, 115, 116, 117, 118, 119, 120, 121, 122, 123, 124, 125, 126, 127, 128, 129, 130, 131, 132, 133, 134, 135, 136, 137, 138, 139, 140, 141, 142, 143, 144, 145, 146, 147, 148, 149, 150, 151, 152, 153]; taking the lowest free serial 154 (NCSAMMARTH0154)
2026-09-23 19:05:06.152  I  Registration: Upload accepted for NCSAMMARTH0154: HTTP 200 {"updated":1,"tags":[{"id":4482,"epc":"NCSAMMARTH0154","itemCode":"NC-sammarth","serialNo":154}]}
2026-09-23 19:05:06.153  I  Registration: Uploaded 1 tag(s); 0 still pending
09-23 19:05:06.461 23772 23784 W System  : A resource failed to call CursorWindow.close. 
09-23 19:05:06.461 23772 23784 W System  : A resource failed to call AbstractCursor.close. 
2026-09-23 19:05:26.114  I  SerialService: 'NC-sammarth': server holds 154 RFID(s) [1, 2, 3, 4, 5, 6, 7, 8, 9, 10, 11, 12, 13, 14, 15, 16, 17, 18, 19, 20, 21, 22, 23, 24, 25, 26, 27, 28, 29, 30, 31, 32, 33, 34, 35, 36, 37, 38, 39, 40, 41, 42, 43, 44, 45, 46, 47, 48, 49, 50, 51, 52, 53, 54, 55, 56, 57, 58, 59, 60, 61, 62, 63, 64, 65, 66, 67, 68, 69, 70, 71, 72, 73, 74, 75, 76, 77, 78, 79, 80, 81, 82, 83, 84, 85, 86, 87, 88, 89, 90, 91, 92, 93, 94, 95, 96, 97, 98, 99, 100, 101, 102, 103, 104, 105, 106, 107, 108, 109, 110, 111, 112, 113, 114, 115, 116, 117, 118, 119, 120, 121, 122, 123, 124, 125, 126, 127, 128, 129, 130, 131, 132, 133, 134, 135, 136, 137, 138, 139, 140, 141, 142, 143, 144, 145, 146, 147, 148, 149, 150, 151, 152, 153, 154]; taking the lowest free serial 155 (NCSAMMARTH0155)
09-23 19:05:26.697 23772 23784 W System  : A resource failed to call CursorWindow.close. 
09-23 19:05:26.697 23772 23784 W System  : A resource failed to call AbstractCursor.close. 
2026-09-23 19:05:27.104  I  Registration: Upload accepted for NCSAMMARTH0155: HTTP 200 {"updated":1,"tags":[{"id":4483,"epc":"NCSAMMARTH0155","itemCode":"NC-sammarth","serialNo":155}]}
2026-09-23 19:05:27.106  I  Registration: Uploaded 1 tag(s); 0 still pending
2026-09-23 19:05:52.183  I  SerialService: 'NC-sammarth': server holds 155 RFID(s) [1, 2, 3, 4, 5, 6, 7, 8, 9, 10, 11, 12, 13, 14, 15, 16, 17, 18, 19, 20, 21, 22, 23, 24, 25, 26, 27, 28, 29, 30, 31, 32, 33, 34, 35, 36, 37, 38, 39, 40, 41, 42, 43, 44, 45, 46, 47, 48, 49, 50, 51, 52, 53, 54, 55, 56, 57, 58, 59, 60, 61, 62, 63, 64, 65, 66, 67, 68, 69, 70, 71, 72, 73, 74, 75, 76, 77, 78, 79, 80, 81, 82, 83, 84, 85, 86, 87, 88, 89, 90, 91, 92, 93, 94, 95, 96, 97, 98, 99, 100, 101, 102, 103, 104, 105, 106, 107, 108, 109, 110, 111, 112, 113, 114, 115, 116, 117, 118, 119, 120, 121, 122, 123, 124, 125, 126, 127, 128, 129, 130, 131, 132, 133, 134, 135, 136, 137, 138, 139, 140, 141, 142, 143, 144, 145, 146, 147, 148, 149, 150, 151, 152, 153, 154, 155]; taking the lowest free serial 156 (NCSAMMARTH0156)
2026-09-23 19:05:52.913  I  Registration: Upload accepted for NCSAMMARTH0156: HTTP 200 {"updated":1,"tags":[{"id":4484,"epc":"NCSAMMARTH0156","itemCode":"NC-sammarth","serialNo":156}]}
2026-09-23 19:05:52.915  I  Registration: Uploaded 1 tag(s); 0 still pending
09-23 19:06:07.765 23772 23784 W System  : A resource failed to call CursorWindow.close. 
09-23 19:06:07.765 23772 23784 W System  : A resource failed to call AbstractCursor.close. 
2026-09-23 19:06:08.105  I  SerialService: 'NC-sammarth': server holds 156 RFID(s) [1, 2, 3, 4, 5, 6, 7, 8, 9, 10, 11, 12, 13, 14, 15, 16, 17, 18, 19, 20, 21, 22, 23, 24, 25, 26, 27, 28, 29, 30, 31, 32, 33, 34, 35, 36, 37, 38, 39, 40, 41, 42, 43, 44, 45, 46, 47, 48, 49, 50, 51, 52, 53, 54, 55, 56, 57, 58, 59, 60, 61, 62, 63, 64, 65, 66, 67, 68, 69, 70, 71, 72, 73, 74, 75, 76, 77, 78, 79, 80, 81, 82, 83, 84, 85, 86, 87, 88, 89, 90, 91, 92, 93, 94, 95, 96, 97, 98, 99, 100, 101, 102, 103, 104, 105, 106, 107, 108, 109, 110, 111, 112, 113, 114, 115, 116, 117, 118, 119, 120, 121, 122, 123, 124, 125, 126, 127, 128, 129, 130, 131, 132, 133, 134, 135, 136, 137, 138, 139, 140, 141, 142, 143, 144, 145, 146, 147, 148, 149, 150, 151, 152, 153, 154, 155, 156]; taking the lowest free serial 157 (NCSAMMARTH0157)
2026-09-23 19:06:08.952  I  Registration: Upload accepted for NCSAMMARTH0157: HTTP 200 {"updated":1,"tags":[{"id":4485,"epc":"NCSAMMARTH0157","itemCode":"NC-sammarth","serialNo":157}]}
2026-09-23 19:06:08.953  I  Registration: Uploaded 1 tag(s); 0 still pending
09-23 19:06:24.491 23772 23784 W System  : A resource failed to call CursorWindow.close. 
09-23 19:06:24.491 23772 23784 W System  : A resource failed to call AbstractCursor.close. 
2026-09-23 19:06:36.933  I  SerialService: 'NC-sammarth': server holds 157 RFID(s) [1, 2, 3, 4, 5, 6, 7, 8, 9, 10, 11, 12, 13, 14, 15, 16, 17, 18, 19, 20, 21, 22, 23, 24, 25, 26, 27, 28, 29, 30, 31, 32, 33, 34, 35, 36, 37, 38, 39, 40, 41, 42, 43, 44, 45, 46, 47, 48, 49, 50, 51, 52, 53, 54, 55, 56, 57, 58, 59, 60, 61, 62, 63, 64, 65, 66, 67, 68, 69, 70, 71, 72, 73, 74, 75, 76, 77, 78, 79, 80, 81, 82, 83, 84, 85, 86, 87, 88, 89, 90, 91, 92, 93, 94, 95, 96, 97, 98, 99, 100, 101, 102, 103, 104, 105, 106, 107, 108, 109, 110, 111, 112, 113, 114, 115, 116, 117, 118, 119, 120, 121, 122, 123, 124, 125, 126, 127, 128, 129, 130, 131, 132, 133, 134, 135, 136, 137, 138, 139, 140, 141, 142, 143, 144, 145, 146, 147, 148, 149, 150, 151, 152, 153, 154, 155, 156, 157]; taking the lowest free serial 158 (NCSAMMARTH0158)
09-23 19:06:37.617 23772 23784 W System  : A resource failed to call CursorWindow.close. 
09-23 19:06:37.617 23772 23784 W System  : A resource failed to call AbstractCursor.close. 
2026-09-23 19:06:37.762  I  Registration: Upload accepted for NCSAMMARTH0158: HTTP 200 {"updated":1,"tags":[{"id":4486,"epc":"NCSAMMARTH0158","itemCode":"NC-sammarth","serialNo":158}]}
2026-09-23 19:06:37.764  I  Registration: Uploaded 1 tag(s); 0 still pending
2026-09-23 19:07:43.740  I  UhfSession: UHF reader powered down: app moved to the background
09-23 19:07:54.824 23772 23772 E SurfaceSyncer: Failed to find sync for id=0
09-23 19:07:54.824 23772 23772 E SurfaceSyncer: Failed to find sync for id=1
09-23 19:07:54.824 23772 23772 E SurfaceSyncer: Failed to find sync for id=2
09-23 19:07:54.824 23772 23772 E SurfaceSyncer: Failed to find sync for id=3
09-23 19:07:54.824 23772 23772 E SurfaceSyncer: Failed to find sync for id=4
09-23 19:07:54.824 23772 23772 E SurfaceSyncer: Failed to find sync for id=5
09-23 19:07:54.824 23772 23772 E SurfaceSyncer: Failed to find sync for id=6
09-23 19:07:54.824 23772 23772 E SurfaceSyncer: Failed to find sync for id=7
09-23 19:07:54.824 23772 23772 E SurfaceSyncer: Failed to find sync for id=8
2026-09-23 19:07:58.915  I  UhfSession: UHF reader powered up
2026-09-23 19:08:03.441  I  SerialService: 'NC-sammarth': server holds 158 RFID(s) [1, 2, 3, 4, 5, 6, 7, 8, 9, 10, 11, 12, 13, 14, 15, 16, 17, 18, 19, 20, 21, 22, 23, 24, 25, 26, 27, 28, 29, 30, 31, 32, 33, 34, 35, 36, 37, 38, 39, 40, 41, 42, 43, 44, 45, 46, 47, 48, 49, 50, 51, 52, 53, 54, 55, 56, 57, 58, 59, 60, 61, 62, 63, 64, 65, 66, 67, 68, 69, 70, 71, 72, 73, 74, 75, 76, 77, 78, 79, 80, 81, 82, 83, 84, 85, 86, 87, 88, 89, 90, 91, 92, 93, 94, 95, 96, 97, 98, 99, 100, 101, 102, 103, 104, 105, 106, 107, 108, 109, 110, 111, 112, 113, 114, 115, 116, 117, 118, 119, 120, 121, 122, 123, 124, 125, 126, 127, 128, 129, 130, 131, 132, 133, 134, 135, 136, 137, 138, 139, 140, 141, 142, 143, 144, 145, 146, 147, 148, 149, 150, 151, 152, 153, 154, 155, 156, 157, 158]; taking the lowest free serial 159 (NCSAMMARTH0159)
2026-09-23 19:08:05.985  W  Registration: Write failed: Write Failed after 3 attempts. Keep tag close and try again.
09-23 19:08:07.862 23772 23784 W System  : A resource failed to call CursorWindow.close. 
09-23 19:08:07.862 23772 23784 W System  : A resource failed to call AbstractCursor.close. 
2026-09-23 19:08:08.033  I  SerialService: 'NC-sammarth': server holds 158 RFID(s) [1, 2, 3, 4, 5, 6, 7, 8, 9, 10, 11, 12, 13, 14, 15, 16, 17, 18, 19, 20, 21, 22, 23, 24, 25, 26, 27, 28, 29, 30, 31, 32, 33, 34, 35, 36, 37, 38, 39, 40, 41, 42, 43, 44, 45, 46, 47, 48, 49, 50, 51, 52, 53, 54, 55, 56, 57, 58, 59, 60, 61, 62, 63, 64, 65, 66, 67, 68, 69, 70, 71, 72, 73, 74, 75, 76, 77, 78, 79, 80, 81, 82, 83, 84, 85, 86, 87, 88, 89, 90, 91, 92, 93, 94, 95, 96, 97, 98, 99, 100, 101, 102, 103, 104, 105, 106, 107, 108, 109, 110, 111, 112, 113, 114, 115, 116, 117, 118, 119, 120, 121, 122, 123, 124, 125, 126, 127, 128, 129, 130, 131, 132, 133, 134, 135, 136, 137, 138, 139, 140, 141, 142, 143, 144, 145, 146, 147, 148, 149, 150, 151, 152, 153, 154, 155, 156, 157, 158]; taking the lowest free serial 159 (NCSAMMARTH0159)
2026-09-23 19:08:08.918  I  Registration: Upload accepted for NCSAMMARTH0159: HTTP 200 {"updated":1,"tags":[{"id":4487,"epc":"NCSAMMARTH0159","itemCode":"NC-sammarth","serialNo":159}]}
2026-09-23 19:08:08.920  I  Registration: Uploaded 1 tag(s); 0 still pending
09-23 19:08:26.981 23772 23784 W System  : A resource failed to call CursorWindow.close. 
09-23 19:08:26.982 23772 23784 W System  : A resource failed to call AbstractCursor.close. 
2026-09-23 19:08:27.220  I  SerialService: 'NC-sammarth': server holds 159 RFID(s) [1, 2, 3, 4, 5, 6, 7, 8, 9, 10, 11, 12, 13, 14, 15, 16, 17, 18, 19, 20, 21, 22, 23, 24, 25, 26, 27, 28, 29, 30, 31, 32, 33, 34, 35, 36, 37, 38, 39, 40, 41, 42, 43, 44, 45, 46, 47, 48, 49, 50, 51, 52, 53, 54, 55, 56, 57, 58, 59, 60, 61, 62, 63, 64, 65, 66, 67, 68, 69, 70, 71, 72, 73, 74, 75, 76, 77, 78, 79, 80, 81, 82, 83, 84, 85, 86, 87, 88, 89, 90, 91, 92, 93, 94, 95, 96, 97, 98, 99, 100, 101, 102, 103, 104, 105, 106, 107, 108, 109, 110, 111, 112, 113, 114, 115, 116, 117, 118, 119, 120, 121, 122, 123, 124, 125, 126, 127, 128, 129, 130, 131, 132, 133, 134, 135, 136, 137, 138, 139, 140, 141, 142, 143, 144, 145, 146, 147, 148, 149, 150, 151, 152, 153, 154, 155, 156, 157, 158, 159]; taking the lowest free serial 160 (NCSAMMARTH0160)
09-23 19:08:27.866 23772 23784 W System  : A resource failed to call CursorWindow.close. 
09-23 19:08:27.866 23772 23784 W System  : A resource failed to call AbstractCursor.close. 
2026-09-23 19:08:27.962  I  Registration: Upload accepted for NCSAMMARTH0160: HTTP 200 {"updated":1,"tags":[{"id":4488,"epc":"NCSAMMARTH0160","itemCode":"NC-sammarth","serialNo":160}]}
2026-09-23 19:08:27.965  I  Registration: Uploaded 1 tag(s); 0 still pending
2026-09-23 19:08:43.049  I  SerialService: 'NC-sammarth': server holds 160 RFID(s) [1, 2, 3, 4, 5, 6, 7, 8, 9, 10, 11, 12, 13, 14, 15, 16, 17, 18, 19, 20, 21, 22, 23, 24, 25, 26, 27, 28, 29, 30, 31, 32, 33, 34, 35, 36, 37, 38, 39, 40, 41, 42, 43, 44, 45, 46, 47, 48, 49, 50, 51, 52, 53, 54, 55, 56, 57, 58, 59, 60, 61, 62, 63, 64, 65, 66, 67, 68, 69, 70, 71, 72, 73, 74, 75, 76, 77, 78, 79, 80, 81, 82, 83, 84, 85, 86, 87, 88, 89, 90, 91, 92, 93, 94, 95, 96, 97, 98, 99, 100, 101, 102, 103, 104, 105, 106, 107, 108, 109, 110, 111, 112, 113, 114, 115, 116, 117, 118, 119, 120, 121, 122, 123, 124, 125, 126, 127, 128, 129, 130, 131, 132, 133, 134, 135, 136, 137, 138, 139, 140, 141, 142, 143, 144, 145, 146, 147, 148, 149, 150, 151, 152, 153, 154, 155, 156, 157, 158, 159, 160]; taking the lowest free serial 161 (NCSAMMARTH0161)
09-23 19:08:43.142 23772 23784 W System  : A resource failed to call CursorWindow.close. 
09-23 19:08:43.142 23772 23784 W System  : A resource failed to call AbstractCursor.close. 
2026-09-23 19:08:43.821  I  Registration: Upload accepted for NCSAMMARTH0161: HTTP 200 {"updated":1,"tags":[{"id":4489,"epc":"NCSAMMARTH0161","itemCode":"NC-sammarth","serialNo":161}]}
2026-09-23 19:08:43.826  I  Registration: Uploaded 1 tag(s); 0 still pending
2026-09-23 19:08:57.730  I  SerialService: 'NC-sammarth': server holds 161 RFID(s) [1, 2, 3, 4, 5, 6, 7, 8, 9, 10, 11, 12, 13, 14, 15, 16, 17, 18, 19, 20, 21, 22, 23, 24, 25, 26, 27, 28, 29, 30, 31, 32, 33, 34, 35, 36, 37, 38, 39, 40, 41, 42, 43, 44, 45, 46, 47, 48, 49, 50, 51, 52, 53, 54, 55, 56, 57, 58, 59, 60, 61, 62, 63, 64, 65, 66, 67, 68, 69, 70, 71, 72, 73, 74, 75, 76, 77, 78, 79, 80, 81, 82, 83, 84, 85, 86, 87, 88, 89, 90, 91, 92, 93, 94, 95, 96, 97, 98, 99, 100, 101, 102, 103, 104, 105, 106, 107, 108, 109, 110, 111, 112, 113, 114, 115, 116, 117, 118, 119, 120, 121, 122, 123, 124, 125, 126, 127, 128, 129, 130, 131, 132, 133, 134, 135, 136, 137, 138, 139, 140, 141, 142, 143, 144, 145, 146, 147, 148, 149, 150, 151, 152, 153, 154, 155, 156, 157, 158, 159, 160, 161]; taking the lowest free serial 162 (NCSAMMARTH0162)
2026-09-23 19:08:58.487  I  Registration: Upload accepted for NCSAMMARTH0162: HTTP 200 {"updated":1,"tags":[{"id":4490,"epc":"NCSAMMARTH0162","itemCode":"NC-sammarth","serialNo":162}]}
2026-09-23 19:08:58.489  I  Registration: Uploaded 1 tag(s); 0 still pending
09-23 19:09:14.397 23772 23784 W System  : A resource failed to call CursorWindow.close. 
09-23 19:09:14.397 23772 23784 W System  : A resource failed to call AbstractCursor.close. 
2026-09-23 19:09:15.487  I  SerialService: 'NC-sammarth': server holds 162 RFID(s) [1, 2, 3, 4, 5, 6, 7, 8, 9, 10, 11, 12, 13, 14, 15, 16, 17, 18, 19, 20, 21, 22, 23, 24, 25, 26, 27, 28, 29, 30, 31, 32, 33, 34, 35, 36, 37, 38, 39, 40, 41, 42, 43, 44, 45, 46, 47, 48, 49, 50, 51, 52, 53, 54, 55, 56, 57, 58, 59, 60, 61, 62, 63, 64, 65, 66, 67, 68, 69, 70, 71, 72, 73, 74, 75, 76, 77, 78, 79, 80, 81, 82, 83, 84, 85, 86, 87, 88, 89, 90, 91, 92, 93, 94, 95, 96, 97, 98, 99, 100, 101, 102, 103, 104, 105, 106, 107, 108, 109, 110, 111, 112, 113, 114, 115, 116, 117, 118, 119, 120, 121, 122, 123, 124, 125, 126, 127, 128, 129, 130, 131, 132, 133, 134, 135, 136, 137, 138, 139, 140, 141, 142, 143, 144, 145, 146, 147, 148, 149, 150, 151, 152, 153, 154, 155, 156, 157, 158, 159, 160, 161, 162]; taking the lowest free serial 163 (NCSAMMARTH0163)
09-23 19:09:16.268 23772 23784 W System  : A resource failed to call CursorWindow.close. 
09-23 19:09:16.268 23772 23784 W System  : A resource failed to call AbstractCursor.close. 
2026-09-23 19:09:16.453  I  Registration: Upload accepted for NCSAMMARTH0163: HTTP 200 {"updated":1,"tags":[{"id":4491,"epc":"NCSAMMARTH0163","itemCode":"NC-sammarth","serialNo":163}]}
2026-09-23 19:09:16.455  I  Registration: Uploaded 1 tag(s); 0 still pending
2026-09-23 19:09:35.999  I  SerialService: 'NC-sammarth': server holds 163 RFID(s) [1, 2, 3, 4, 5, 6, 7, 8, 9, 10, 11, 12, 13, 14, 15, 16, 17, 18, 19, 20, 21, 22, 23, 24, 25, 26, 27, 28, 29, 30, 31, 32, 33, 34, 35, 36, 37, 38, 39, 40, 41, 42, 43, 44, 45, 46, 47, 48, 49, 50, 51, 52, 53, 54, 55, 56, 57, 58, 59, 60, 61, 62, 63, 64, 65, 66, 67, 68, 69, 70, 71, 72, 73, 74, 75, 76, 77, 78, 79, 80, 81, 82, 83, 84, 85, 86, 87, 88, 89, 90, 91, 92, 93, 94, 95, 96, 97, 98, 99, 100, 101, 102, 103, 104, 105, 106, 107, 108, 109, 110, 111, 112, 113, 114, 115, 116, 117, 118, 119, 120, 121, 122, 123, 124, 125, 126, 127, 128, 129, 130, 131, 132, 133, 134, 135, 136, 137, 138, 139, 140, 141, 142, 143, 144, 145, 146, 147, 148, 149, 150, 151, 152, 153, 154, 155, 156, 157, 158, 159, 160, 161, 162, 163]; taking the lowest free serial 164 (NCSAMMARTH0164)
09-23 19:09:36.663 23772 23784 W System  : A resource failed to call CursorWindow.close. 
09-23 19:09:36.663 23772 23784 W System  : A resource failed to call AbstractCursor.close. 
2026-09-23 19:09:36.939  I  Registration: Upload accepted for NCSAMMARTH0164: HTTP 200 {"updated":1,"tags":[{"id":4492,"epc":"NCSAMMARTH0164","itemCode":"NC-sammarth","serialNo":164}]}
2026-09-23 19:09:36.941  I  Registration: Uploaded 1 tag(s); 0 still pending
2026-09-23 19:09:49.035  I  SerialService: 'NC-sammarth': server holds 164 RFID(s) [1, 2, 3, 4, 5, 6, 7, 8, 9, 10, 11, 12, 13, 14, 15, 16, 17, 18, 19, 20, 21, 22, 23, 24, 25, 26, 27, 28, 29, 30, 31, 32, 33, 34, 35, 36, 37, 38, 39, 40, 41, 42, 43, 44, 45, 46, 47, 48, 49, 50, 51, 52, 53, 54, 55, 56, 57, 58, 59, 60, 61, 62, 63, 64, 65, 66, 67, 68, 69, 70, 71, 72, 73, 74, 75, 76, 77, 78, 79, 80, 81, 82, 83, 84, 85, 86, 87, 88, 89, 90, 91, 92, 93, 94, 95, 96, 97, 98, 99, 100, 101, 102, 103, 104, 105, 106, 107, 108, 109, 110, 111, 112, 113, 114, 115, 116, 117, 118, 119, 120, 121, 122, 123, 124, 125, 126, 127, 128, 129, 130, 131, 132, 133, 134, 135, 136, 137, 138, 139, 140, 141, 142, 143, 144, 145, 146, 147, 148, 149, 150, 151, 152, 153, 154, 155, 156, 157, 158, 159, 160, 161, 162, 163, 164]; taking the lowest free serial 165 (NCSAMMARTH0165)
2026-09-23 19:09:49.851  I  Registration: Upload accepted for NCSAMMARTH0165: HTTP 200 {"updated":1,"tags":[{"id":4493,"epc":"NCSAMMARTH0165","itemCode":"NC-sammarth","serialNo":165}]}
2026-09-23 19:09:49.853  I  Registration: Uploaded 1 tag(s); 0 still pending
09-23 19:10:07.355 23772 23784 W System  : A resource failed to call CursorWindow.close. 
09-23 19:10:07.356 23772 23784 W System  : A resource failed to call AbstractCursor.close. 
2026-09-23 19:10:07.909  I  SerialService: 'NC-sammarth': server holds 165 RFID(s) [1, 2, 3, 4, 5, 6, 7, 8, 9, 10, 11, 12, 13, 14, 15, 16, 17, 18, 19, 20, 21, 22, 23, 24, 25, 26, 27, 28, 29, 30, 31, 32, 33, 34, 35, 36, 37, 38, 39, 40, 41, 42, 43, 44, 45, 46, 47, 48, 49, 50, 51, 52, 53, 54, 55, 56, 57, 58, 59, 60, 61, 62, 63, 64, 65, 66, 67, 68, 69, 70, 71, 72, 73, 74, 75, 76, 77, 78, 79, 80, 81, 82, 83, 84, 85, 86, 87, 88, 89, 90, 91, 92, 93, 94, 95, 96, 97, 98, 99, 100, 101, 102, 103, 104, 105, 106, 107, 108, 109, 110, 111, 112, 113, 114, 115, 116, 117, 118, 119, 120, 121, 122, 123, 124, 125, 126, 127, 128, 129, 130, 131, 132, 133, 134, 135, 136, 137, 138, 139, 140, 141, 142, 143, 144, 145, 146, 147, 148, 149, 150, 151, 152, 153, 154, 155, 156, 157, 158, 159, 160, 161, 162, 163, 164, 165]; taking the lowest free serial 166 (NCSAMMARTH0166)
09-23 19:10:08.597 23772 23784 W System  : A resource failed to call CursorWindow.close. 
09-23 19:10:08.597 23772 23784 W System  : A resource failed to call AbstractCursor.close. 
2026-09-23 19:10:08.726  I  Registration: Upload accepted for NCSAMMARTH0166: HTTP 200 {"updated":1,"tags":[{"id":4494,"epc":"NCSAMMARTH0166","itemCode":"NC-sammarth","serialNo":166}]}
2026-09-23 19:10:08.729  I  Registration: Uploaded 1 tag(s); 0 still pending
2026-09-23 19:10:25.121  I  SerialService: 'NC-sammarth': server holds 166 RFID(s) [1, 2, 3, 4, 5, 6, 7, 8, 9, 10, 11, 12, 13, 14, 15, 16, 17, 18, 19, 20, 21, 22, 23, 24, 25, 26, 27, 28, 29, 30, 31, 32, 33, 34, 35, 36, 37, 38, 39, 40, 41, 42, 43, 44, 45, 46, 47, 48, 49, 50, 51, 52, 53, 54, 55, 56, 57, 58, 59, 60, 61, 62, 63, 64, 65, 66, 67, 68, 69, 70, 71, 72, 73, 74, 75, 76, 77, 78, 79, 80, 81, 82, 83, 84, 85, 86, 87, 88, 89, 90, 91, 92, 93, 94, 95, 96, 97, 98, 99, 100, 101, 102, 103, 104, 105, 106, 107, 108, 109, 110, 111, 112, 113, 114, 115, 116, 117, 118, 119, 120, 121, 122, 123, 124, 125, 126, 127, 128, 129, 130, 131, 132, 133, 134, 135, 136, 137, 138, 139, 140, 141, 142, 143, 144, 145, 146, 147, 148, 149, 150, 151, 152, 153, 154, 155, 156, 157, 158, 159, 160, 161, 162, 163, 164, 165, 166]; taking the lowest free serial 167 (NCSAMMARTH0167)
2026-09-23 19:10:26.077  I  Registration: Upload accepted for NCSAMMARTH0167: HTTP 200 {"updated":1,"tags":[{"id":4495,"epc":"NCSAMMARTH0167","itemCode":"NC-sammarth","serialNo":167}]}
2026-09-23 19:10:26.079  I  Registration: Uploaded 1 tag(s); 0 still pending
09-23 19:10:34.970 23772 23784 W System  : A resource failed to call CursorWindow.close. 
09-23 19:10:34.970 23772 23784 W System  : A resource failed to call AbstractCursor.close. 
2026-09-23 19:10:42.856  I  SerialService: 'NC-sammarth': server holds 167 RFID(s) [1, 2, 3, 4, 5, 6, 7, 8, 9, 10, 11, 12, 13, 14, 15, 16, 17, 18, 19, 20, 21, 22, 23, 24, 25, 26, 27, 28, 29, 30, 31, 32, 33, 34, 35, 36, 37, 38, 39, 40, 41, 42, 43, 44, 45, 46, 47, 48, 49, 50, 51, 52, 53, 54, 55, 56, 57, 58, 59, 60, 61, 62, 63, 64, 65, 66, 67, 68, 69, 70, 71, 72, 73, 74, 75, 76, 77, 78, 79, 80, 81, 82, 83, 84, 85, 86, 87, 88, 89, 90, 91, 92, 93, 94, 95, 96, 97, 98, 99, 100, 101, 102, 103, 104, 105, 106, 107, 108, 109, 110, 111, 112, 113, 114, 115, 116, 117, 118, 119, 120, 121, 122, 123, 124, 125, 126, 127, 128, 129, 130, 131, 132, 133, 134, 135, 136, 137, 138, 139, 140, 141, 142, 143, 144, 145, 146, 147, 148, 149, 150, 151, 152, 153, 154, 155, 156, 157, 158, 159, 160, 161, 162, 163, 164, 165, 166, 167]; taking the lowest free serial 168 (NCSAMMARTH0168)
09-23 19:10:43.658 23772 23784 W System  : A resource failed to call CursorWindow.close. 
09-23 19:10:43.658 23772 23784 W System  : A resource failed to call AbstractCursor.close. 
2026-09-23 19:10:43.769  I  Registration: Upload accepted for NCSAMMARTH0168: HTTP 200 {"updated":1,"tags":[{"id":4496,"epc":"NCSAMMARTH0168","itemCode":"NC-sammarth","serialNo":168}]}
2026-09-23 19:10:43.771  I  Registration: Uploaded 1 tag(s); 0 still pending
2026-09-23 19:10:54.195  I  SerialService: 'NC-sammarth': server holds 168 RFID(s) [1, 2, 3, 4, 5, 6, 7, 8, 9, 10, 11, 12, 13, 14, 15, 16, 17, 18, 19, 20, 21, 22, 23, 24, 25, 26, 27, 28, 29, 30, 31, 32, 33, 34, 35, 36, 37, 38, 39, 40, 41, 42, 43, 44, 45, 46, 47, 48, 49, 50, 51, 52, 53, 54, 55, 56, 57, 58, 59, 60, 61, 62, 63, 64, 65, 66, 67, 68, 69, 70, 71, 72, 73, 74, 75, 76, 77, 78, 79, 80, 81, 82, 83, 84, 85, 86, 87, 88, 89, 90, 91, 92, 93, 94, 95, 96, 97, 98, 99, 100, 101, 102, 103, 104, 105, 106, 107, 108, 109, 110, 111, 112, 113, 114, 115, 116, 117, 118, 119, 120, 121, 122, 123, 124, 125, 126, 127, 128, 129, 130, 131, 132, 133, 134, 135, 136, 137, 138, 139, 140, 141, 142, 143, 144, 145, 146, 147, 148, 149, 150, 151, 152, 153, 154, 155, 156, 157, 158, 159, 160, 161, 162, 163, 164, 165, 166, 167, 168]; taking the lowest free serial 169 (NCSAMMARTH0169)
2026-09-23 19:10:55.014  I  Registration: Upload accepted for NCSAMMARTH0169: HTTP 200 {"updated":1,"tags":[{"id":4497,"epc":"NCSAMMARTH0169","itemCode":"NC-sammarth","serialNo":169}]}
2026-09-23 19:10:55.017  I  Registration: Uploaded 1 tag(s); 0 still pending
09-23 19:11:06.063 23772 23784 W System  : A resource failed to call CursorWindow.close. 
09-23 19:11:06.063 23772 23784 W System  : A resource failed to call AbstractCursor.close. 
2026-09-23 19:11:06.210  I  SerialService: 'NC-sammarth': server holds 169 RFID(s) [1, 2, 3, 4, 5, 6, 7, 8, 9, 10, 11, 12, 13, 14, 15, 16, 17, 18, 19, 20, 21, 22, 23, 24, 25, 26, 27, 28, 29, 30, 31, 32, 33, 34, 35, 36, 37, 38, 39, 40, 41, 42, 43, 44, 45, 46, 47, 48, 49, 50, 51, 52, 53, 54, 55, 56, 57, 58, 59, 60, 61, 62, 63, 64, 65, 66, 67, 68, 69, 70, 71, 72, 73, 74, 75, 76, 77, 78, 79, 80, 81, 82, 83, 84, 85, 86, 87, 88, 89, 90, 91, 92, 93, 94, 95, 96, 97, 98, 99, 100, 101, 102, 103, 104, 105, 106, 107, 108, 109, 110, 111, 112, 113, 114, 115, 116, 117, 118, 119, 120, 121, 122, 123, 124, 125, 126, 127, 128, 129, 130, 131, 132, 133, 134, 135, 136, 137, 138, 139, 140, 141, 142, 143, 144, 145, 146, 147, 148, 149, 150, 151, 152, 153, 154, 155, 156, 157, 158, 159, 160, 161, 162, 163, 164, 165, 166, 167, 168, 169]; taking the lowest free serial 170 (NCSAMMARTH0170)
2026-09-23 19:11:07.110  I  Registration: Upload accepted for NCSAMMARTH0170: HTTP 200 {"updated":1,"tags":[{"id":4498,"epc":"NCSAMMARTH0170","itemCode":"NC-sammarth","serialNo":170}]}
2026-09-23 19:11:07.111  I  Registration: Uploaded 1 tag(s); 0 still pending
09-23 19:11:12.151 23772 23784 W System  : A resource failed to call CursorWindow.close. 
09-23 19:11:12.151 23772 23784 W System  : A resource failed to call AbstractCursor.close. 
2026-09-23 19:11:23.619  I  SerialService: 'NC-sammarth': server holds 170 RFID(s) [1, 2, 3, 4, 5, 6, 7, 8, 9, 10, 11, 12, 13, 14, 15, 16, 17, 18, 19, 20, 21, 22, 23, 24, 25, 26, 27, 28, 29, 30, 31, 32, 33, 34, 35, 36, 37, 38, 39, 40, 41, 42, 43, 44, 45, 46, 47, 48, 49, 50, 51, 52, 53, 54, 55, 56, 57, 58, 59, 60, 61, 62, 63, 64, 65, 66, 67, 68, 69, 70, 71, 72, 73, 74, 75, 76, 77, 78, 79, 80, 81, 82, 83, 84, 85, 86, 87, 88, 89, 90, 91, 92, 93, 94, 95, 96, 97, 98, 99, 100, 101, 102, 103, 104, 105, 106, 107, 108, 109, 110, 111, 112, 113, 114, 115, 116, 117, 118, 119, 120, 121, 122, 123, 124, 125, 126, 127, 128, 129, 130, 131, 132, 133, 134, 135, 136, 137, 138, 139, 140, 141, 142, 143, 144, 145, 146, 147, 148, 149, 150, 151, 152, 153, 154, 155, 156, 157, 158, 159, 160, 161, 162, 163, 164, 165, 166, 167, 168, 169, 170]; taking the lowest free serial 171 (NCSAMMARTH0171)
09-23 19:11:24.331 23772 23784 W System  : A resource failed to call CursorWindow.close. 
09-23 19:11:24.331 23772 23784 W System  : A resource failed to call AbstractCursor.close. 
2026-09-23 19:11:24.520  I  Registration: Upload accepted for NCSAMMARTH0171: HTTP 200 {"updated":1,"tags":[{"id":4499,"epc":"NCSAMMARTH0171","itemCode":"NC-sammarth","serialNo":171}]}
2026-09-23 19:11:24.522  I  Registration: Uploaded 1 tag(s); 0 still pending
2026-09-23 19:11:45.417  I  SerialService: 'NC-sammarth': server holds 171 RFID(s) [1, 2, 3, 4, 5, 6, 7, 8, 9, 10, 11, 12, 13, 14, 15, 16, 17, 18, 19, 20, 21, 22, 23, 24, 25, 26, 27, 28, 29, 30, 31, 32, 33, 34, 35, 36, 37, 38, 39, 40, 41, 42, 43, 44, 45, 46, 47, 48, 49, 50, 51, 52, 53, 54, 55, 56, 57, 58, 59, 60, 61, 62, 63, 64, 65, 66, 67, 68, 69, 70, 71, 72, 73, 74, 75, 76, 77, 78, 79, 80, 81, 82, 83, 84, 85, 86, 87, 88, 89, 90, 91, 92, 93, 94, 95, 96, 97, 98, 99, 100, 101, 102, 103, 104, 105, 106, 107, 108, 109, 110, 111, 112, 113, 114, 115, 116, 117, 118, 119, 120, 121, 122, 123, 124, 125, 126, 127, 128, 129, 130, 131, 132, 133, 134, 135, 136, 137, 138, 139, 140, 141, 142, 143, 144, 145, 146, 147, 148, 149, 150, 151, 152, 153, 154, 155, 156, 157, 158, 159, 160, 161, 162, 163, 164, 165, 166, 167, 168, 169, 170, 171]; taking the lowest free serial 172 (NCSAMMARTH0172)
2026-09-23 19:11:46.567  I  Registration: Upload accepted for NCSAMMARTH0172: HTTP 200 {"updated":1,"tags":[{"id":4500,"epc":"NCSAMMARTH0172","itemCode":"NC-sammarth","serialNo":172}]}
2026-09-23 19:11:46.569  I  Registration: Uploaded 1 tag(s); 0 still pending
09-23 19:11:50.107 23772 23784 W System  : A resource failed to call CursorWindow.close. 
09-23 19:11:50.107 23772 23784 W System  : A resource failed to call AbstractCursor.close. 
2026-09-23 19:12:09.981  I  SerialService: 'NC-sammarth': server holds 172 RFID(s) [1, 2, 3, 4, 5, 6, 7, 8, 9, 10, 11, 12, 13, 14, 15, 16, 17, 18, 19, 20, 21, 22, 23, 24, 25, 26, 27, 28, 29, 30, 31, 32, 33, 34, 35, 36, 37, 38, 39, 40, 41, 42, 43, 44, 45, 46, 47, 48, 49, 50, 51, 52, 53, 54, 55, 56, 57, 58, 59, 60, 61, 62, 63, 64, 65, 66, 67, 68, 69, 70, 71, 72, 73, 74, 75, 76, 77, 78, 79, 80, 81, 82, 83, 84, 85, 86, 87, 88, 89, 90, 91, 92, 93, 94, 95, 96, 97, 98, 99, 100, 101, 102, 103, 104, 105, 106, 107, 108, 109, 110, 111, 112, 113, 114, 115, 116, 117, 118, 119, 120, 121, 122, 123, 124, 125, 126, 127, 128, 129, 130, 131, 132, 133, 134, 135, 136, 137, 138, 139, 140, 141, 142, 143, 144, 145, 146, 147, 148, 149, 150, 151, 152, 153, 154, 155, 156, 157, 158, 159, 160, 161, 162, 163, 164, 165, 166, 167, 168, 169, 170, 171, 172]; taking the lowest free serial 173 (NCSAMMARTH0173)
2026-09-23 19:12:10.783  I  Registration: Upload accepted for NCSAMMARTH0173: HTTP 200 {"updated":1,"tags":[{"id":4501,"epc":"NCSAMMARTH0173","itemCode":"NC-sammarth","serialNo":173}]}
2026-09-23 19:12:10.787  I  Registration: Uploaded 1 tag(s); 0 still pending
09-23 19:12:28.092 23772 23784 W System  : A resource failed to call CursorWindow.close. 
09-23 19:12:28.093 23772 23784 W System  : A resource failed to call AbstractCursor.close. 
2026-09-23 19:12:28.392  I  SerialService: 'NC-sammarth': server holds 173 RFID(s) [1, 2, 3, 4, 5, 6, 7, 8, 9, 10, 11, 12, 13, 14, 15, 16, 17, 18, 19, 20, 21, 22, 23, 24, 25, 26, 27, 28, 29, 30, 31, 32, 33, 34, 35, 36, 37, 38, 39, 40, 41, 42, 43, 44, 45, 46, 47, 48, 49, 50, 51, 52, 53, 54, 55, 56, 57, 58, 59, 60, 61, 62, 63, 64, 65, 66, 67, 68, 69, 70, 71, 72, 73, 74, 75, 76, 77, 78, 79, 80, 81, 82, 83, 84, 85, 86, 87, 88, 89, 90, 91, 92, 93, 94, 95, 96, 97, 98, 99, 100, 101, 102, 103, 104, 105, 106, 107, 108, 109, 110, 111, 112, 113, 114, 115, 116, 117, 118, 119, 120, 121, 122, 123, 124, 125, 126, 127, 128, 129, 130, 131, 132, 133, 134, 135, 136, 137, 138, 139, 140, 141, 142, 143, 144, 145, 146, 147, 148, 149, 150, 151, 152, 153, 154, 155, 156, 157, 158, 159, 160, 161, 162, 163, 164, 165, 166, 167, 168, 169, 170, 171, 172, 173]; taking the lowest free serial 174 (NCSAMMARTH0174)
09-23 19:12:29.152 23772 23784 W System  : A resource failed to call CursorWindow.close. 
09-23 19:12:29.152 23772 23784 W System  : A resource failed to call AbstractCursor.close. 
2026-09-23 19:12:29.298  I  Registration: Upload accepted for NCSAMMARTH0174: HTTP 200 {"updated":1,"tags":[{"id":4502,"epc":"NCSAMMARTH0174","itemCode":"NC-sammarth","serialNo":174}]}
2026-09-23 19:12:29.300  I  Registration: Uploaded 1 tag(s); 0 still pending
2026-09-23 19:12:44.095  I  SerialService: 'NC-sammarth': server holds 174 RFID(s) [1, 2, 3, 4, 5, 6, 7, 8, 9, 10, 11, 12, 13, 14, 15, 16, 17, 18, 19, 20, 21, 22, 23, 24, 25, 26, 27, 28, 29, 30, 31, 32, 33, 34, 35, 36, 37, 38, 39, 40, 41, 42, 43, 44, 45, 46, 47, 48, 49, 50, 51, 52, 53, 54, 55, 56, 57, 58, 59, 60, 61, 62, 63, 64, 65, 66, 67, 68, 69, 70, 71, 72, 73, 74, 75, 76, 77, 78, 79, 80, 81, 82, 83, 84, 85, 86, 87, 88, 89, 90, 91, 92, 93, 94, 95, 96, 97, 98, 99, 100, 101, 102, 103, 104, 105, 106, 107, 108, 109, 110, 111, 112, 113, 114, 115, 116, 117, 118, 119, 120, 121, 122, 123, 124, 125, 126, 127, 128, 129, 130, 131, 132, 133, 134, 135, 136, 137, 138, 139, 140, 141, 142, 143, 144, 145, 146, 147, 148, 149, 150, 151, 152, 153, 154, 155, 156, 157, 158, 159, 160, 161, 162, 163, 164, 165, 166, 167, 168, 169, 170, 171, 172, 173, 174]; taking the lowest free serial 175 (NCSAMMARTH0175)
09-23 19:12:44.789 23772 23784 W System  : A resource failed to call CursorWindow.close. 
09-23 19:12:44.789 23772 23784 W System  : A resource failed to call AbstractCursor.close. 
2026-09-23 19:12:45.010  I  Registration: Upload accepted for NCSAMMARTH0175: HTTP 200 {"updated":1,"tags":[{"id":4503,"epc":"NCSAMMARTH0175","itemCode":"NC-sammarth","serialNo":175}]}
2026-09-23 19:12:45.013  I  Registration: Uploaded 1 tag(s); 0 still pending
2026-09-23 19:13:04.464  I  SerialService: 'NC-sammarth': server holds 175 RFID(s) [1, 2, 3, 4, 5, 6, 7, 8, 9, 10, 11, 12, 13, 14, 15, 16, 17, 18, 19, 20, 21, 22, 23, 24, 25, 26, 27, 28, 29, 30, 31, 32, 33, 34, 35, 36, 37, 38, 39, 40, 41, 42, 43, 44, 45, 46, 47, 48, 49, 50, 51, 52, 53, 54, 55, 56, 57, 58, 59, 60, 61, 62, 63, 64, 65, 66, 67, 68, 69, 70, 71, 72, 73, 74, 75, 76, 77, 78, 79, 80, 81, 82, 83, 84, 85, 86, 87, 88, 89, 90, 91, 92, 93, 94, 95, 96, 97, 98, 99, 100, 101, 102, 103, 104, 105, 106, 107, 108, 109, 110, 111, 112, 113, 114, 115, 116, 117, 118, 119, 120, 121, 122, 123, 124, 125, 126, 127, 128, 129, 130, 131, 132, 133, 134, 135, 136, 137, 138, 139, 140, 141, 142, 143, 144, 145, 146, 147, 148, 149, 150, 151, 152, 153, 154, 155, 156, 157, 158, 159, 160, 161, 162, 163, 164, 165, 166, 167, 168, 169, 170, 171, 172, 173, 174, 175]; taking the lowest free serial 176 (NCSAMMARTH0176)
2026-09-23 19:13:05.230  I  Registration: Upload accepted for NCSAMMARTH0176: HTTP 200 {"updated":1,"tags":[{"id":4504,"epc":"NCSAMMARTH0176","itemCode":"NC-sammarth","serialNo":176}]}
2026-09-23 19:13:05.232  I  Registration: Uploaded 1 tag(s); 0 still pending
09-23 19:13:14.947 23772 23784 W System  : A resource failed to call CursorWindow.close. 
09-23 19:13:14.948 23772 23784 W System  : A resource failed to call AbstractCursor.close. 
2026-09-23 19:13:15.368  I  SerialService: 'NC-sammarth': server holds 176 RFID(s) [1, 2, 3, 4, 5, 6, 7, 8, 9, 10, 11, 12, 13, 14, 15, 16, 17, 18, 19, 20, 21, 22, 23, 24, 25, 26, 27, 28, 29, 30, 31, 32, 33, 34, 35, 36, 37, 38, 39, 40, 41, 42, 43, 44, 45, 46, 47, 48, 49, 50, 51, 52, 53, 54, 55, 56, 57, 58, 59, 60, 61, 62, 63, 64, 65, 66, 67, 68, 69, 70, 71, 72, 73, 74, 75, 76, 77, 78, 79, 80, 81, 82, 83, 84, 85, 86, 87, 88, 89, 90, 91, 92, 93, 94, 95, 96, 97, 98, 99, 100, 101, 102, 103, 104, 105, 106, 107, 108, 109, 110, 111, 112, 113, 114, 115, 116, 117, 118, 119, 120, 121, 122, 123, 124, 125, 126, 127, 128, 129, 130, 131, 132, 133, 134, 135, 136, 137, 138, 139, 140, 141, 142, 143, 144, 145, 146, 147, 148, 149, 150, 151, 152, 153, 154, 155, 156, 157, 158, 159, 160, 161, 162, 163, 164, 165, 166, 167, 168, 169, 170, 171, 172, 173, 174, 175, 176]; taking the lowest free serial 177 (NCSAMMARTH0177)
2026-09-23 19:13:16.938  I  Registration: Upload accepted for NCSAMMARTH0177: HTTP 200 {"updated":1,"tags":[{"id":4505,"epc":"NCSAMMARTH0177","itemCode":"NC-sammarth","serialNo":177}]}
2026-09-23 19:13:16.940  I  Registration: Uploaded 1 tag(s); 0 still pending
09-23 19:13:19.510 23772 23784 W System  : A resource failed to call CursorWindow.close. 
09-23 19:13:19.510 23772 23784 W System  : A resource failed to call AbstractCursor.close. 
2026-09-23 19:13:25.690  I  SerialService: 'NC-sammarth': server holds 177 RFID(s) [1, 2, 3, 4, 5, 6, 7, 8, 9, 10, 11, 12, 13, 14, 15, 16, 17, 18, 19, 20, 21, 22, 23, 24, 25, 26, 27, 28, 29, 30, 31, 32, 33, 34, 35, 36, 37, 38, 39, 40, 41, 42, 43, 44, 45, 46, 47, 48, 49, 50, 51, 52, 53, 54, 55, 56, 57, 58, 59, 60, 61, 62, 63, 64, 65, 66, 67, 68, 69, 70, 71, 72, 73, 74, 75, 76, 77, 78, 79, 80, 81, 82, 83, 84, 85, 86, 87, 88, 89, 90, 91, 92, 93, 94, 95, 96, 97, 98, 99, 100, 101, 102, 103, 104, 105, 106, 107, 108, 109, 110, 111, 112, 113, 114, 115, 116, 117, 118, 119, 120, 121, 122, 123, 124, 125, 126, 127, 128, 129, 130, 131, 132, 133, 134, 135, 136, 137, 138, 139, 140, 141, 142, 143, 144, 145, 146, 147, 148, 149, 150, 151, 152, 153, 154, 155, 156, 157, 158, 159, 160, 161, 162, 163, 164, 165, 166, 167, 168, 169, 170, 171, 172, 173, 174, 175, 176, 177]; taking the lowest free serial 178 (NCSAMMARTH0178)
09-23 19:13:27.323 23772 23784 W System  : A resource failed to call CursorWindow.close. 
09-23 19:13:27.323 23772 23784 W System  : A resource failed to call AbstractCursor.close. 
2026-09-23 19:13:27.576  I  Registration: Upload accepted for NCSAMMARTH0178: HTTP 200 {"updated":1,"tags":[{"id":4506,"epc":"NCSAMMARTH0178","itemCode":"NC-sammarth","serialNo":178}]}
2026-09-23 19:13:27.579  I  Registration: Uploaded 1 tag(s); 0 still pending
2026-09-23 19:13:38.871  I  SerialService: 'NC-sammarth': server holds 178 RFID(s) [1, 2, 3, 4, 5, 6, 7, 8, 9, 10, 11, 12, 13, 14, 15, 16, 17, 18, 19, 20, 21, 22, 23, 24, 25, 26, 27, 28, 29, 30, 31, 32, 33, 34, 35, 36, 37, 38, 39, 40, 41, 42, 43, 44, 45, 46, 47, 48, 49, 50, 51, 52, 53, 54, 55, 56, 57, 58, 59, 60, 61, 62, 63, 64, 65, 66, 67, 68, 69, 70, 71, 72, 73, 74, 75, 76, 77, 78, 79, 80, 81, 82, 83, 84, 85, 86, 87, 88, 89, 90, 91, 92, 93, 94, 95, 96, 97, 98, 99, 100, 101, 102, 103, 104, 105, 106, 107, 108, 109, 110, 111, 112, 113, 114, 115, 116, 117, 118, 119, 120, 121, 122, 123, 124, 125, 126, 127, 128, 129, 130, 131, 132, 133, 134, 135, 136, 137, 138, 139, 140, 141, 142, 143, 144, 145, 146, 147, 148, 149, 150, 151, 152, 153, 154, 155, 156, 157, 158, 159, 160, 161, 162, 163, 164, 165, 166, 167, 168, 169, 170, 171, 172, 173, 174, 175, 176, 177, 178]; taking the lowest free serial 179 (NCSAMMARTH0179)
2026-09-23 19:13:39.629  I  Registration: Upload accepted for NCSAMMARTH0179: HTTP 200 {"updated":1,"tags":[{"id":4507,"epc":"NCSAMMARTH0179","itemCode":"NC-sammarth","serialNo":179}]}
2026-09-23 19:13:39.632  I  Registration: Uploaded 1 tag(s); 0 still pending
09-23 19:13:53.906 23772 23784 W System  : A resource failed to call CursorWindow.close. 
09-23 19:13:53.906 23772 23784 W System  : A resource failed to call AbstractCursor.close. 
2026-09-23 19:13:54.243  I  SerialService: 'NC-sammarth': server holds 179 RFID(s) [1, 2, 3, 4, 5, 6, 7, 8, 9, 10, 11, 12, 13, 14, 15, 16, 17, 18, 19, 20, 21, 22, 23, 24, 25, 26, 27, 28, 29, 30, 31, 32, 33, 34, 35, 36, 37, 38, 39, 40, 41, 42, 43, 44, 45, 46, 47, 48, 49, 50, 51, 52, 53, 54, 55, 56, 57, 58, 59, 60, 61, 62, 63, 64, 65, 66, 67, 68, 69, 70, 71, 72, 73, 74, 75, 76, 77, 78, 79, 80, 81, 82, 83, 84, 85, 86, 87, 88, 89, 90, 91, 92, 93, 94, 95, 96, 97, 98, 99, 100, 101, 102, 103, 104, 105, 106, 107, 108, 109, 110, 111, 112, 113, 114, 115, 116, 117, 118, 119, 120, 121, 122, 123, 124, 125, 126, 127, 128, 129, 130, 131, 132, 133, 134, 135, 136, 137, 138, 139, 140, 141, 142, 143, 144, 145, 146, 147, 148, 149, 150, 151, 152, 153, 154, 155, 156, 157, 158, 159, 160, 161, 162, 163, 164, 165, 166, 167, 168, 169, 170, 171, 172, 173, 174, 175, 176, 177, 178, 179]; taking the lowest free serial 180 (NCSAMMARTH0180)
09-23 19:13:54.851 23772 23784 W System  : A resource failed to call CursorWindow.close. 
09-23 19:13:54.852 23772 23784 W System  : A resource failed to call AbstractCursor.close. 
2026-09-23 19:13:54.992  I  Registration: Upload accepted for NCSAMMARTH0180: HTTP 200 {"updated":1,"tags":[{"id":4508,"epc":"NCSAMMARTH0180","itemCode":"NC-sammarth","serialNo":180}]}
2026-09-23 19:13:54.996  I  Registration: Uploaded 1 tag(s); 0 still pending
2026-09-23 19:14:17.220  I  SerialService: 'NC-sammarth': server holds 180 RFID(s) [1, 2, 3, 4, 5, 6, 7, 8, 9, 10, 11, 12, 13, 14, 15, 16, 17, 18, 19, 20, 21, 22, 23, 24, 25, 26, 27, 28, 29, 30, 31, 32, 33, 34, 35, 36, 37, 38, 39, 40, 41, 42, 43, 44, 45, 46, 47, 48, 49, 50, 51, 52, 53, 54, 55, 56, 57, 58, 59, 60, 61, 62, 63, 64, 65, 66, 67, 68, 69, 70, 71, 72, 73, 74, 75, 76, 77, 78, 79, 80, 81, 82, 83, 84, 85, 86, 87, 88, 89, 90, 91, 92, 93, 94, 95, 96, 97, 98, 99, 100, 101, 102, 103, 104, 105, 106, 107, 108, 109, 110, 111, 112, 113, 114, 115, 116, 117, 118, 119, 120, 121, 122, 123, 124, 125, 126, 127, 128, 129, 130, 131, 132, 133, 134, 135, 136, 137, 138, 139, 140, 141, 142, 143, 144, 145, 146, 147, 148, 149, 150, 151, 152, 153, 154, 155, 156, 157, 158, 159, 160, 161, 162, 163, 164, 165, 166, 167, 168, 169, 170, 171, 172, 173, 174, 175, 176, 177, 178, 179, 180]; taking the lowest free serial 181 (NCSAMMARTH0181)
2026-09-23 19:14:18.836  I  Registration: Upload accepted for NCSAMMARTH0181: HTTP 200 {"updated":1,"tags":[{"id":4509,"epc":"NCSAMMARTH0181","itemCode":"NC-sammarth","serialNo":181}]}
2026-09-23 19:14:18.838  I  Registration: Uploaded 1 tag(s); 0 still pending
09-23 19:14:41.936 23772 23784 W System  : A resource failed to call CursorWindow.close. 
09-23 19:14:41.937 23772 23784 W System  : A resource failed to call AbstractCursor.close. 
2026-09-23 19:14:42.266  I  SerialService: 'NC-sammarth': server holds 181 RFID(s) [1, 2, 3, 4, 5, 6, 7, 8, 9, 10, 11, 12, 13, 14, 15, 16, 17, 18, 19, 20, 21, 22, 23, 24, 25, 26, 27, 28, 29, 30, 31, 32, 33, 34, 35, 36, 37, 38, 39, 40, 41, 42, 43, 44, 45, 46, 47, 48, 49, 50, 51, 52, 53, 54, 55, 56, 57, 58, 59, 60, 61, 62, 63, 64, 65, 66, 67, 68, 69, 70, 71, 72, 73, 74, 75, 76, 77, 78, 79, 80, 81, 82, 83, 84, 85, 86, 87, 88, 89, 90, 91, 92, 93, 94, 95, 96, 97, 98, 99, 100, 101, 102, 103, 104, 105, 106, 107, 108, 109, 110, 111, 112, 113, 114, 115, 116, 117, 118, 119, 120, 121, 122, 123, 124, 125, 126, 127, 128, 129, 130, 131, 132, 133, 134, 135, 136, 137, 138, 139, 140, 141, 142, 143, 144, 145, 146, 147, 148, 149, 150, 151, 152, 153, 154, 155, 156, 157, 158, 159, 160, 161, 162, 163, 164, 165, 166, 167, 168, 169, 170, 171, 172, 173, 174, 175, 176, 177, 178, 179, 180, 181]; taking the lowest free serial 182 (NCSAMMARTH0182)
2026-09-23 19:14:43.048  I  Registration: Upload accepted for NCSAMMARTH0182: HTTP 200 {"updated":1,"tags":[{"id":4510,"epc":"NCSAMMARTH0182","itemCode":"NC-sammarth","serialNo":182}]}
2026-09-23 19:14:43.050  I  Registration: Uploaded 1 tag(s); 0 still pending
09-23 19:14:55.427 23772 23784 W System  : A resource failed to call CursorWindow.close. 
09-23 19:14:55.428 23772 23784 W System  : A resource failed to call AbstractCursor.close. 
2026-09-23 19:14:57.796  I  SerialService: 'NC-sammarth': server holds 182 RFID(s) [1, 2, 3, 4, 5, 6, 7, 8, 9, 10, 11, 12, 13, 14, 15, 16, 17, 18, 19, 20, 21, 22, 23, 24, 25, 26, 27, 28, 29, 30, 31, 32, 33, 34, 35, 36, 37, 38, 39, 40, 41, 42, 43, 44, 45, 46, 47, 48, 49, 50, 51, 52, 53, 54, 55, 56, 57, 58, 59, 60, 61, 62, 63, 64, 65, 66, 67, 68, 69, 70, 71, 72, 73, 74, 75, 76, 77, 78, 79, 80, 81, 82, 83, 84, 85, 86, 87, 88, 89, 90, 91, 92, 93, 94, 95, 96, 97, 98, 99, 100, 101, 102, 103, 104, 105, 106, 107, 108, 109, 110, 111, 112, 113, 114, 115, 116, 117, 118, 119, 120, 121, 122, 123, 124, 125, 126, 127, 128, 129, 130, 131, 132, 133, 134, 135, 136, 137, 138, 139, 140, 141, 142, 143, 144, 145, 146, 147, 148, 149, 150, 151, 152, 153, 154, 155, 156, 157, 158, 159, 160, 161, 162, 163, 164, 165, 166, 167, 168, 169, 170, 171, 172, 173, 174, 175, 176, 177, 178, 179, 180, 181, 182]; taking the lowest free serial 183 (NCSAMMARTH0183)
2026-09-23 19:14:58.613  I  Registration: Upload accepted for NCSAMMARTH0183: HTTP 200 {"updated":1,"tags":[{"id":4511,"epc":"NCSAMMARTH0183","itemCode":"NC-sammarth","serialNo":183}]}
2026-09-23 19:14:58.615  I  Registration: Uploaded 1 tag(s); 0 still pending
09-23 19:14:59.207 23772 23784 W System  : A resource failed to call CursorWindow.close. 
09-23 19:14:59.207 23772 23784 W System  : A resource failed to call AbstractCursor.close. 
2026-09-23 19:15:17.617  I  SerialService: 'NC-sammarth': server holds 183 RFID(s) [1, 2, 3, 4, 5, 6, 7, 8, 9, 10, 11, 12, 13, 14, 15, 16, 17, 18, 19, 20, 21, 22, 23, 24, 25, 26, 27, 28, 29, 30, 31, 32, 33, 34, 35, 36, 37, 38, 39, 40, 41, 42, 43, 44, 45, 46, 47, 48, 49, 50, 51, 52, 53, 54, 55, 56, 57, 58, 59, 60, 61, 62, 63, 64, 65, 66, 67, 68, 69, 70, 71, 72, 73, 74, 75, 76, 77, 78, 79, 80, 81, 82, 83, 84, 85, 86, 87, 88, 89, 90, 91, 92, 93, 94, 95, 96, 97, 98, 99, 100, 101, 102, 103, 104, 105, 106, 107, 108, 109, 110, 111, 112, 113, 114, 115, 116, 117, 118, 119, 120, 121, 122, 123, 124, 125, 126, 127, 128, 129, 130, 131, 132, 133, 134, 135, 136, 137, 138, 139, 140, 141, 142, 143, 144, 145, 146, 147, 148, 149, 150, 151, 152, 153, 154, 155, 156, 157, 158, 159, 160, 161, 162, 163, 164, 165, 166, 167, 168, 169, 170, 171, 172, 173, 174, 175, 176, 177, 178, 179, 180, 181, 182, 183]; taking the lowest free serial 184 (NCSAMMARTH0184)
2026-09-23 19:15:20.122  I  Registration: Upload accepted for NCSAMMARTH0184: HTTP 200 {"updated":1,"tags":[{"id":4512,"epc":"NCSAMMARTH0184","itemCode":"NC-sammarth","serialNo":184}]}
2026-09-23 19:15:20.124  I  Registration: Uploaded 1 tag(s); 0 still pending
09-23 19:15:31.044 23772 23784 W System  : A resource failed to call CursorWindow.close. 
09-23 19:15:31.044 23772 23784 W System  : A resource failed to call AbstractCursor.close. 
2026-09-23 19:15:38.215  I  SerialService: 'NC-sammarth': server holds 184 RFID(s) [1, 2, 3, 4, 5, 6, 7, 8, 9, 10, 11, 12, 13, 14, 15, 16, 17, 18, 19, 20, 21, 22, 23, 24, 25, 26, 27, 28, 29, 30, 31, 32, 33, 34, 35, 36, 37, 38, 39, 40, 41, 42, 43, 44, 45, 46, 47, 48, 49, 50, 51, 52, 53, 54, 55, 56, 57, 58, 59, 60, 61, 62, 63, 64, 65, 66, 67, 68, 69, 70, 71, 72, 73, 74, 75, 76, 77, 78, 79, 80, 81, 82, 83, 84, 85, 86, 87, 88, 89, 90, 91, 92, 93, 94, 95, 96, 97, 98, 99, 100, 101, 102, 103, 104, 105, 106, 107, 108, 109, 110, 111, 112, 113, 114, 115, 116, 117, 118, 119, 120, 121, 122, 123, 124, 125, 126, 127, 128, 129, 130, 131, 132, 133, 134, 135, 136, 137, 138, 139, 140, 141, 142, 143, 144, 145, 146, 147, 148, 149, 150, 151, 152, 153, 154, 155, 156, 157, 158, 159, 160, 161, 162, 163, 164, 165, 166, 167, 168, 169, 170, 171, 172, 173, 174, 175, 176, 177, 178, 179, 180, 181, 182, 183, 184]; taking the lowest free serial 185 (NCSAMMARTH0185)
09-23 19:15:38.839 23772 23784 W System  : A resource failed to call CursorWindow.close. 
09-23 19:15:38.839 23772 23784 W System  : A resource failed to call AbstractCursor.close. 
2026-09-23 19:15:39.034  I  Registration: Upload accepted for NCSAMMARTH0185: HTTP 200 {"updated":1,"tags":[{"id":4513,"epc":"NCSAMMARTH0185","itemCode":"NC-sammarth","serialNo":185}]}
2026-09-23 19:15:39.036  I  Registration: Uploaded 1 tag(s); 0 still pending
2026-09-23 19:16:02.107  I  SerialService: 'NC-sammarth': server holds 185 RFID(s) [1, 2, 3, 4, 5, 6, 7, 8, 9, 10, 11, 12, 13, 14, 15, 16, 17, 18, 19, 20, 21, 22, 23, 24, 25, 26, 27, 28, 29, 30, 31, 32, 33, 34, 35, 36, 37, 38, 39, 40, 41, 42, 43, 44, 45, 46, 47, 48, 49, 50, 51, 52, 53, 54, 55, 56, 57, 58, 59, 60, 61, 62, 63, 64, 65, 66, 67, 68, 69, 70, 71, 72, 73, 74, 75, 76, 77, 78, 79, 80, 81, 82, 83, 84, 85, 86, 87, 88, 89, 90, 91, 92, 93, 94, 95, 96, 97, 98, 99, 100, 101, 102, 103, 104, 105, 106, 107, 108, 109, 110, 111, 112, 113, 114, 115, 116, 117, 118, 119, 120, 121, 122, 123, 124, 125, 126, 127, 128, 129, 130, 131, 132, 133, 134, 135, 136, 137, 138, 139, 140, 141, 142, 143, 144, 145, 146, 147, 148, 149, 150, 151, 152, 153, 154, 155, 156, 157, 158, 159, 160, 161, 162, 163, 164, 165, 166, 167, 168, 169, 170, 171, 172, 173, 174, 175, 176, 177, 178, 179, 180, 181, 182, 183, 184, 185]; taking the lowest free serial 186 (NCSAMMARTH0186)
2026-09-23 19:16:02.859  I  Registration: Upload accepted for NCSAMMARTH0186: HTTP 200 {"updated":1,"tags":[{"id":4514,"epc":"NCSAMMARTH0186","itemCode":"NC-sammarth","serialNo":186}]}
2026-09-23 19:16:02.861  I  Registration: Uploaded 1 tag(s); 0 still pending
09-23 19:16:20.183 23772 23784 W System  : A resource failed to call CursorWindow.close. 
09-23 19:16:20.184 23772 23784 W System  : A resource failed to call AbstractCursor.close. 
2026-09-23 19:16:20.427  I  SerialService: 'NC-sammarth': server holds 186 RFID(s) [1, 2, 3, 4, 5, 6, 7, 8, 9, 10, 11, 12, 13, 14, 15, 16, 17, 18, 19, 20, 21, 22, 23, 24, 25, 26, 27, 28, 29, 30, 31, 32, 33, 34, 35, 36, 37, 38, 39, 40, 41, 42, 43, 44, 45, 46, 47, 48, 49, 50, 51, 52, 53, 54, 55, 56, 57, 58, 59, 60, 61, 62, 63, 64, 65, 66, 67, 68, 69, 70, 71, 72, 73, 74, 75, 76, 77, 78, 79, 80, 81, 82, 83, 84, 85, 86, 87, 88, 89, 90, 91, 92, 93, 94, 95, 96, 97, 98, 99, 100, 101, 102, 103, 104, 105, 106, 107, 108, 109, 110, 111, 112, 113, 114, 115, 116, 117, 118, 119, 120, 121, 122, 123, 124, 125, 126, 127, 128, 129, 130, 131, 132, 133, 134, 135, 136, 137, 138, 139, 140, 141, 142, 143, 144, 145, 146, 147, 148, 149, 150, 151, 152, 153, 154, 155, 156, 157, 158, 159, 160, 161, 162, 163, 164, 165, 166, 167, 168, 169, 170, 171, 172, 173, 174, 175, 176, 177, 178, 179, 180, 181, 182, 183, 184, 185, 186]; taking the lowest free serial 187 (NCSAMMARTH0187)
09-23 19:16:21.075 23772 23784 W System  : A resource failed to call CursorWindow.close. 
09-23 19:16:21.075 23772 23784 W System  : A resource failed to call AbstractCursor.close. 
2026-09-23 19:16:21.172  I  Registration: Upload accepted for NCSAMMARTH0187: HTTP 200 {"updated":1,"tags":[{"id":4515,"epc":"NCSAMMARTH0187","itemCode":"NC-sammarth","serialNo":187}]}
2026-09-23 19:16:21.174  I  Registration: Uploaded 1 tag(s); 0 still pending
2026-09-23 19:16:33.178  I  SerialService: 'NC-sammarth': server holds 187 RFID(s) [1, 2, 3, 4, 5, 6, 7, 8, 9, 10, 11, 12, 13, 14, 15, 16, 17, 18, 19, 20, 21, 22, 23, 24, 25, 26, 27, 28, 29, 30, 31, 32, 33, 34, 35, 36, 37, 38, 39, 40, 41, 42, 43, 44, 45, 46, 47, 48, 49, 50, 51, 52, 53, 54, 55, 56, 57, 58, 59, 60, 61, 62, 63, 64, 65, 66, 67, 68, 69, 70, 71, 72, 73, 74, 75, 76, 77, 78, 79, 80, 81, 82, 83, 84, 85, 86, 87, 88, 89, 90, 91, 92, 93, 94, 95, 96, 97, 98, 99, 100, 101, 102, 103, 104, 105, 106, 107, 108, 109, 110, 111, 112, 113, 114, 115, 116, 117, 118, 119, 120, 121, 122, 123, 124, 125, 126, 127, 128, 129, 130, 131, 132, 133, 134, 135, 136, 137, 138, 139, 140, 141, 142, 143, 144, 145, 146, 147, 148, 149, 150, 151, 152, 153, 154, 155, 156, 157, 158, 159, 160, 161, 162, 163, 164, 165, 166, 167, 168, 169, 170, 171, 172, 173, 174, 175, 176, 177, 178, 179, 180, 181, 182, 183, 184, 185, 186, 187]; taking the lowest free serial 188 (NCSAMMARTH0188)
09-23 19:16:33.747 23772 23784 W System  : A resource failed to call CursorWindow.close. 
09-23 19:16:33.747 23772 23784 W System  : A resource failed to call AbstractCursor.close. 
2026-09-23 19:16:33.980  I  Registration: Upload accepted for NCSAMMARTH0188: HTTP 200 {"updated":1,"tags":[{"id":4516,"epc":"NCSAMMARTH0188","itemCode":"NC-sammarth","serialNo":188}]}
2026-09-23 19:16:33.982  I  Registration: Uploaded 1 tag(s); 0 still pending
2026-09-23 19:16:51.629  I  SerialService: 'NC-sammarth': server holds 188 RFID(s) [1, 2, 3, 4, 5, 6, 7, 8, 9, 10, 11, 12, 13, 14, 15, 16, 17, 18, 19, 20, 21, 22, 23, 24, 25, 26, 27, 28, 29, 30, 31, 32, 33, 34, 35, 36, 37, 38, 39, 40, 41, 42, 43, 44, 45, 46, 47, 48, 49, 50, 51, 52, 53, 54, 55, 56, 57, 58, 59, 60, 61, 62, 63, 64, 65, 66, 67, 68, 69, 70, 71, 72, 73, 74, 75, 76, 77, 78, 79, 80, 81, 82, 83, 84, 85, 86, 87, 88, 89, 90, 91, 92, 93, 94, 95, 96, 97, 98, 99, 100, 101, 102, 103, 104, 105, 106, 107, 108, 109, 110, 111, 112, 113, 114, 115, 116, 117, 118, 119, 120, 121, 122, 123, 124, 125, 126, 127, 128, 129, 130, 131, 132, 133, 134, 135, 136, 137, 138, 139, 140, 141, 142, 143, 144, 145, 146, 147, 148, 149, 150, 151, 152, 153, 154, 155, 156, 157, 158, 159, 160, 161, 162, 163, 164, 165, 166, 167, 168, 169, 170, 171, 172, 173, 174, 175, 176, 177, 178, 179, 180, 181, 182, 183, 184, 185, 186, 187, 188]; taking the lowest free serial 189 (NCSAMMARTH0189)
2026-09-23 19:16:52.575  I  Registration: Upload accepted for NCSAMMARTH0189: HTTP 200 {"updated":1,"tags":[{"id":4517,"epc":"NCSAMMARTH0189","itemCode":"NC-sammarth","serialNo":189}]}
2026-09-23 19:16:52.577  I  Registration: Uploaded 1 tag(s); 0 still pending
09-23 19:17:09.158 23772 23784 W System  : A resource failed to call CursorWindow.close. 
09-23 19:17:09.158 23772 23784 W System  : A resource failed to call AbstractCursor.close. 
2026-09-23 19:17:09.504  I  SerialService: 'NC-sammarth': server holds 189 RFID(s) [1, 2, 3, 4, 5, 6, 7, 8, 9, 10, 11, 12, 13, 14, 15, 16, 17, 18, 19, 20, 21, 22, 23, 24, 25, 26, 27, 28, 29, 30, 31, 32, 33, 34, 35, 36, 37, 38, 39, 40, 41, 42, 43, 44, 45, 46, 47, 48, 49, 50, 51, 52, 53, 54, 55, 56, 57, 58, 59, 60, 61, 62, 63, 64, 65, 66, 67, 68, 69, 70, 71, 72, 73, 74, 75, 76, 77, 78, 79, 80, 81, 82, 83, 84, 85, 86, 87, 88, 89, 90, 91, 92, 93, 94, 95, 96, 97, 98, 99, 100, 101, 102, 103, 104, 105, 106, 107, 108, 109, 110, 111, 112, 113, 114, 115, 116, 117, 118, 119, 120, 121, 122, 123, 124, 125, 126, 127, 128, 129, 130, 131, 132, 133, 134, 135, 136, 137, 138, 139, 140, 141, 142, 143, 144, 145, 146, 147, 148, 149, 150, 151, 152, 153, 154, 155, 156, 157, 158, 159, 160, 161, 162, 163, 164, 165, 166, 167, 168, 169, 170, 171, 172, 173, 174, 175, 176, 177, 178, 179, 180, 181, 182, 183, 184, 185, 186, 187, 188, 189]; taking the lowest free serial 190 (NCSAMMARTH0190)
09-23 19:17:10.180 23772 23784 W System  : A resource failed to call CursorWindow.close. 
09-23 19:17:10.180 23772 23784 W System  : A resource failed to call AbstractCursor.close. 
2026-09-23 19:17:10.333  I  Registration: Upload accepted for NCSAMMARTH0190: HTTP 200 {"updated":1,"tags":[{"id":4518,"epc":"NCSAMMARTH0190","itemCode":"NC-sammarth","serialNo":190}]}
2026-09-23 19:17:10.336  I  Registration: Uploaded 1 tag(s); 0 still pending
2026-09-23 19:17:30.162  I  SerialService: 'NC-sammarth': server holds 190 RFID(s) [1, 2, 3, 4, 5, 6, 7, 8, 9, 10, 11, 12, 13, 14, 15, 16, 17, 18, 19, 20, 21, 22, 23, 24, 25, 26, 27, 28, 29, 30, 31, 32, 33, 34, 35, 36, 37, 38, 39, 40, 41, 42, 43, 44, 45, 46, 47, 48, 49, 50, 51, 52, 53, 54, 55, 56, 57, 58, 59, 60, 61, 62, 63, 64, 65, 66, 67, 68, 69, 70, 71, 72, 73, 74, 75, 76, 77, 78, 79, 80, 81, 82, 83, 84, 85, 86, 87, 88, 89, 90, 91, 92, 93, 94, 95, 96, 97, 98, 99, 100, 101, 102, 103, 104, 105, 106, 107, 108, 109, 110, 111, 112, 113, 114, 115, 116, 117, 118, 119, 120, 121, 122, 123, 124, 125, 126, 127, 128, 129, 130, 131, 132, 133, 134, 135, 136, 137, 138, 139, 140, 141, 142, 143, 144, 145, 146, 147, 148, 149, 150, 151, 152, 153, 154, 155, 156, 157, 158, 159, 160, 161, 162, 163, 164, 165, 166, 167, 168, 169, 170, 171, 172, 173, 174, 175, 176, 177, 178, 179, 180, 181, 182, 183, 184, 185, 186, 187, 188, 189, 190]; taking the lowest free serial 191 (NCSAMMARTH0191)
2026-09-23 19:17:31.009  I  Registration: Upload accepted for NCSAMMARTH0191: HTTP 200 {"updated":1,"tags":[{"id":4519,"epc":"NCSAMMARTH0191","itemCode":"NC-sammarth","serialNo":191}]}
2026-09-23 19:17:31.012  I  Registration: Uploaded 1 tag(s); 0 still pending
09-23 19:17:42.544 23772 23784 W System  : A resource failed to call CursorWindow.close. 
09-23 19:17:42.544 23772 23784 W System  : A resource failed to call AbstractCursor.close. 
2026-09-23 19:17:42.860  I  SerialService: 'NC-sammarth': server holds 191 RFID(s) [1, 2, 3, 4, 5, 6, 7, 8, 9, 10, 11, 12, 13, 14, 15, 16, 17, 18, 19, 20, 21, 22, 23, 24, 25, 26, 27, 28, 29, 30, 31, 32, 33, 34, 35, 36, 37, 38, 39, 40, 41, 42, 43, 44, 45, 46, 47, 48, 49, 50, 51, 52, 53, 54, 55, 56, 57, 58, 59, 60, 61, 62, 63, 64, 65, 66, 67, 68, 69, 70, 71, 72, 73, 74, 75, 76, 77, 78, 79, 80, 81, 82, 83, 84, 85, 86, 87, 88, 89, 90, 91, 92, 93, 94, 95, 96, 97, 98, 99, 100, 101, 102, 103, 104, 105, 106, 107, 108, 109, 110, 111, 112, 113, 114, 115, 116, 117, 118, 119, 120, 121, 122, 123, 124, 125, 126, 127, 128, 129, 130, 131, 132, 133, 134, 135, 136, 137, 138, 139, 140, 141, 142, 143, 144, 145, 146, 147, 148, 149, 150, 151, 152, 153, 154, 155, 156, 157, 158, 159, 160, 161, 162, 163, 164, 165, 166, 167, 168, 169, 170, 171, 172, 173, 174, 175, 176, 177, 178, 179, 180, 181, 182, 183, 184, 185, 186, 187, 188, 189, 190, 191]; taking the lowest free serial 192 (NCSAMMARTH0192)
2026-09-23 19:17:45.044  W  Registration: Write failed: Write Failed after 3 attempts. Keep tag close and try again.
09-23 19:18:10.271 23772 23784 W System  : A resource failed to call CursorWindow.close. 
09-23 19:18:10.272 23772 23784 W System  : A resource failed to call AbstractCursor.close. 
2026-09-23 19:18:10.548  I  SerialService: 'NC-sammarth': server holds 191 RFID(s) [1, 2, 3, 4, 5, 6, 7, 8, 9, 10, 11, 12, 13, 14, 15, 16, 17, 18, 19, 20, 21, 22, 23, 24, 25, 26, 27, 28, 29, 30, 31, 32, 33, 34, 35, 36, 37, 38, 39, 40, 41, 42, 43, 44, 45, 46, 47, 48, 49, 50, 51, 52, 53, 54, 55, 56, 57, 58, 59, 60, 61, 62, 63, 64, 65, 66, 67, 68, 69, 70, 71, 72, 73, 74, 75, 76, 77, 78, 79, 80, 81, 82, 83, 84, 85, 86, 87, 88, 89, 90, 91, 92, 93, 94, 95, 96, 97, 98, 99, 100, 101, 102, 103, 104, 105, 106, 107, 108, 109, 110, 111, 112, 113, 114, 115, 116, 117, 118, 119, 120, 121, 122, 123, 124, 125, 126, 127, 128, 129, 130, 131, 132, 133, 134, 135, 136, 137, 138, 139, 140, 141, 142, 143, 144, 145, 146, 147, 148, 149, 150, 151, 152, 153, 154, 155, 156, 157, 158, 159, 160, 161, 162, 163, 164, 165, 166, 167, 168, 169, 170, 171, 172, 173, 174, 175, 176, 177, 178, 179, 180, 181, 182, 183, 184, 185, 186, 187, 188, 189, 190, 191]; taking the lowest free serial 192 (NCSAMMARTH0192)
09-23 19:18:11.347 23772 23784 W System  : A resource failed to call CursorWindow.close. 
09-23 19:18:11.347 23772 23784 W System  : A resource failed to call AbstractCursor.close. 
2026-09-23 19:18:11.407  I  Registration: Upload accepted for NCSAMMARTH0192: HTTP 200 {"updated":1,"tags":[{"id":4520,"epc":"NCSAMMARTH0192","itemCode":"NC-sammarth","serialNo":192}]}
2026-09-23 19:18:11.408  I  Registration: Uploaded 1 tag(s); 0 still pending
2026-09-23 19:18:20.538  I  SerialService: 'NC-sammarth': server holds 192 RFID(s) [1, 2, 3, 4, 5, 6, 7, 8, 9, 10, 11, 12, 13, 14, 15, 16, 17, 18, 19, 20, 21, 22, 23, 24, 25, 26, 27, 28, 29, 30, 31, 32, 33, 34, 35, 36, 37, 38, 39, 40, 41, 42, 43, 44, 45, 46, 47, 48, 49, 50, 51, 52, 53, 54, 55, 56, 57, 58, 59, 60, 61, 62, 63, 64, 65, 66, 67, 68, 69, 70, 71, 72, 73, 74, 75, 76, 77, 78, 79, 80, 81, 82, 83, 84, 85, 86, 87, 88, 89, 90, 91, 92, 93, 94, 95, 96, 97, 98, 99, 100, 101, 102, 103, 104, 105, 106, 107, 108, 109, 110, 111, 112, 113, 114, 115, 116, 117, 118, 119, 120, 121, 122, 123, 124, 125, 126, 127, 128, 129, 130, 131, 132, 133, 134, 135, 136, 137, 138, 139, 140, 141, 142, 143, 144, 145, 146, 147, 148, 149, 150, 151, 152, 153, 154, 155, 156, 157, 158, 159, 160, 161, 162, 163, 164, 165, 166, 167, 168, 169, 170, 171, 172, 173, 174, 175, 176, 177, 178, 179, 180, 181, 182, 183, 184, 185, 186, 187, 188, 189, 190, 191, 192]; taking the lowest free serial 193 (NCSAMMARTH0193)
09-23 19:18:21.130 23772 23784 W System  : A resource failed to call CursorWindow.close. 
09-23 19:18:21.130 23772 23784 W System  : A resource failed to call AbstractCursor.close. 
2026-09-23 19:18:21.279  I  Registration: Upload accepted for NCSAMMARTH0193: HTTP 200 {"updated":1,"tags":[{"id":4521,"epc":"NCSAMMARTH0193","itemCode":"NC-sammarth","serialNo":193}]}
2026-09-23 19:18:21.281  I  Registration: Uploaded 1 tag(s); 0 still pending
2026-09-23 19:18:31.317  I  SerialService: 'NC-sammarth': server holds 193 RFID(s) [1, 2, 3, 4, 5, 6, 7, 8, 9, 10, 11, 12, 13, 14, 15, 16, 17, 18, 19, 20, 21, 22, 23, 24, 25, 26, 27, 28, 29, 30, 31, 32, 33, 34, 35, 36, 37, 38, 39, 40, 41, 42, 43, 44, 45, 46, 47, 48, 49, 50, 51, 52, 53, 54, 55, 56, 57, 58, 59, 60, 61, 62, 63, 64, 65, 66, 67, 68, 69, 70, 71, 72, 73, 74, 75, 76, 77, 78, 79, 80, 81, 82, 83, 84, 85, 86, 87, 88, 89, 90, 91, 92, 93, 94, 95, 96, 97, 98, 99, 100, 101, 102, 103, 104, 105, 106, 107, 108, 109, 110, 111, 112, 113, 114, 115, 116, 117, 118, 119, 120, 121, 122, 123, 124, 125, 126, 127, 128, 129, 130, 131, 132, 133, 134, 135, 136, 137, 138, 139, 140, 141, 142, 143, 144, 145, 146, 147, 148, 149, 150, 151, 152, 153, 154, 155, 156, 157, 158, 159, 160, 161, 162, 163, 164, 165, 166, 167, 168, 169, 170, 171, 172, 173, 174, 175, 176, 177, 178, 179, 180, 181, 182, 183, 184, 185, 186, 187, 188, 189, 190, 191, 192, 193]; taking the lowest free serial 194 (NCSAMMARTH0194)
2026-09-23 19:18:32.177  I  Registration: Upload accepted for NCSAMMARTH0194: HTTP 200 {"updated":1,"tags":[{"id":4522,"epc":"NCSAMMARTH0194","itemCode":"NC-sammarth","serialNo":194}]}
2026-09-23 19:18:32.178  I  Registration: Uploaded 1 tag(s); 0 still pending
2026-09-23 19:18:55.195  I  SerialService: 'NC-sammarth': server holds 194 RFID(s) [1, 2, 3, 4, 5, 6, 7, 8, 9, 10, 11, 12, 13, 14, 15, 16, 17, 18, 19, 20, 21, 22, 23, 24, 25, 26, 27, 28, 29, 30, 31, 32, 33, 34, 35, 36, 37, 38, 39, 40, 41, 42, 43, 44, 45, 46, 47, 48, 49, 50, 51, 52, 53, 54, 55, 56, 57, 58, 59, 60, 61, 62, 63, 64, 65, 66, 67, 68, 69, 70, 71, 72, 73, 74, 75, 76, 77, 78, 79, 80, 81, 82, 83, 84, 85, 86, 87, 88, 89, 90, 91, 92, 93, 94, 95, 96, 97, 98, 99, 100, 101, 102, 103, 104, 105, 106, 107, 108, 109, 110, 111, 112, 113, 114, 115, 116, 117, 118, 119, 120, 121, 122, 123, 124, 125, 126, 127, 128, 129, 130, 131, 132, 133, 134, 135, 136, 137, 138, 139, 140, 141, 142, 143, 144, 145, 146, 147, 148, 149, 150, 151, 152, 153, 154, 155, 156, 157, 158, 159, 160, 161, 162, 163, 164, 165, 166, 167, 168, 169, 170, 171, 172, 173, 174, 175, 176, 177, 178, 179, 180, 181, 182, 183, 184, 185, 186, 187, 188, 189, 190, 191, 192, 193, 194]; taking the lowest free serial 195 (NCSAMMARTH0195)
09-23 19:18:55.810 23772 23784 W System  : A resource failed to call CursorWindow.close. 
09-23 19:18:55.810 23772 23784 W System  : A resource failed to call AbstractCursor.close. 
09-23 19:18:55.811 23772 23784 W System  : A resource failed to call CursorWindow.close. 
09-23 19:18:55.811 23772 23784 W System  : A resource failed to call AbstractCursor.close. 
2026-09-23 19:18:55.947  I  Registration: Upload accepted for NCSAMMARTH0195: HTTP 200 {"updated":1,"tags":[{"id":4523,"epc":"NCSAMMARTH0195","itemCode":"NC-sammarth","serialNo":195}]}
2026-09-23 19:18:55.948  I  Registration: Uploaded 1 tag(s); 0 still pending
2026-09-23 19:19:16.830  I  SerialService: 'NC-sammarth': server holds 195 RFID(s) [1, 2, 3, 4, 5, 6, 7, 8, 9, 10, 11, 12, 13, 14, 15, 16, 17, 18, 19, 20, 21, 22, 23, 24, 25, 26, 27, 28, 29, 30, 31, 32, 33, 34, 35, 36, 37, 38, 39, 40, 41, 42, 43, 44, 45, 46, 47, 48, 49, 50, 51, 52, 53, 54, 55, 56, 57, 58, 59, 60, 61, 62, 63, 64, 65, 66, 67, 68, 69, 70, 71, 72, 73, 74, 75, 76, 77, 78, 79, 80, 81, 82, 83, 84, 85, 86, 87, 88, 89, 90, 91, 92, 93, 94, 95, 96, 97, 98, 99, 100, 101, 102, 103, 104, 105, 106, 107, 108, 109, 110, 111, 112, 113, 114, 115, 116, 117, 118, 119, 120, 121, 122, 123, 124, 125, 126, 127, 128, 129, 130, 131, 132, 133, 134, 135, 136, 137, 138, 139, 140, 141, 142, 143, 144, 145, 146, 147, 148, 149, 150, 151, 152, 153, 154, 155, 156, 157, 158, 159, 160, 161, 162, 163, 164, 165, 166, 167, 168, 169, 170, 171, 172, 173, 174, 175, 176, 177, 178, 179, 180, 181, 182, 183, 184, 185, 186, 187, 188, 189, 190, 191, 192, 193, 194, 195]; taking the lowest free serial 196 (NCSAMMARTH0196)
2026-09-23 19:19:17.667  I  Registration: Upload accepted for NCSAMMARTH0196: HTTP 200 {"updated":1,"tags":[{"id":4524,"epc":"NCSAMMARTH0196","itemCode":"NC-sammarth","serialNo":196}]}
2026-09-23 19:19:17.668  I  Registration: Uploaded 1 tag(s); 0 still pending
09-23 19:19:30.213 23772 23784 W System  : A resource failed to call CursorWindow.close. 
09-23 19:19:30.214 23772 23784 W System  : A resource failed to call AbstractCursor.close. 
2026-09-23 19:19:30.506  I  SerialService: 'NC-sammarth': server holds 196 RFID(s) [1, 2, 3, 4, 5, 6, 7, 8, 9, 10, 11, 12, 13, 14, 15, 16, 17, 18, 19, 20, 21, 22, 23, 24, 25, 26, 27, 28, 29, 30, 31, 32, 33, 34, 35, 36, 37, 38, 39, 40, 41, 42, 43, 44, 45, 46, 47, 48, 49, 50, 51, 52, 53, 54, 55, 56, 57, 58, 59, 60, 61, 62, 63, 64, 65, 66, 67, 68, 69, 70, 71, 72, 73, 74, 75, 76, 77, 78, 79, 80, 81, 82, 83, 84, 85, 86, 87, 88, 89, 90, 91, 92, 93, 94, 95, 96, 97, 98, 99, 100, 101, 102, 103, 104, 105, 106, 107, 108, 109, 110, 111, 112, 113, 114, 115, 116, 117, 118, 119, 120, 121, 122, 123, 124, 125, 126, 127, 128, 129, 130, 131, 132, 133, 134, 135, 136, 137, 138, 139, 140, 141, 142, 143, 144, 145, 146, 147, 148, 149, 150, 151, 152, 153, 154, 155, 156, 157, 158, 159, 160, 161, 162, 163, 164, 165, 166, 167, 168, 169, 170, 171, 172, 173, 174, 175, 176, 177, 178, 179, 180, 181, 182, 183, 184, 185, 186, 187, 188, 189, 190, 191, 192, 193, 194, 195, 196]; taking the lowest free serial 197 (NCSAMMARTH0197)
2026-09-23 19:19:32.215  I  Registration: Upload accepted for NCSAMMARTH0197: HTTP 200 {"updated":1,"tags":[{"id":4525,"epc":"NCSAMMARTH0197","itemCode":"NC-sammarth","serialNo":197}]}
2026-09-23 19:19:32.218  I  Registration: Uploaded 1 tag(s); 0 still pending
09-23 19:19:39.726 23772 23784 W System  : A resource failed to call CursorWindow.close. 
09-23 19:19:39.726 23772 23784 W System  : A resource failed to call AbstractCursor.close. 
2026-09-23 19:19:47.222  I  SerialService: 'NC-sammarth': server holds 197 RFID(s) [1, 2, 3, 4, 5, 6, 7, 8, 9, 10, 11, 12, 13, 14, 15, 16, 17, 18, 19, 20, 21, 22, 23, 24, 25, 26, 27, 28, 29, 30, 31, 32, 33, 34, 35, 36, 37, 38, 39, 40, 41, 42, 43, 44, 45, 46, 47, 48, 49, 50, 51, 52, 53, 54, 55, 56, 57, 58, 59, 60, 61, 62, 63, 64, 65, 66, 67, 68, 69, 70, 71, 72, 73, 74, 75, 76, 77, 78, 79, 80, 81, 82, 83, 84, 85, 86, 87, 88, 89, 90, 91, 92, 93, 94, 95, 96, 97, 98, 99, 100, 101, 102, 103, 104, 105, 106, 107, 108, 109, 110, 111, 112, 113, 114, 115, 116, 117, 118, 119, 120, 121, 122, 123, 124, 125, 126, 127, 128, 129, 130, 131, 132, 133, 134, 135, 136, 137, 138, 139, 140, 141, 142, 143, 144, 145, 146, 147, 148, 149, 150, 151, 152, 153, 154, 155, 156, 157, 158, 159, 160, 161, 162, 163, 164, 165, 166, 167, 168, 169, 170, 171, 172, 173, 174, 175, 176, 177, 178, 179, 180, 181, 182, 183, 184, 185, 186, 187, 188, 189, 190, 191, 192, 193, 194, 195, 196, 197]; taking the lowest free serial 198 (NCSAMMARTH0198)
09-23 19:19:47.863 23772 23784 W System  : A resource failed to call CursorWindow.close. 
09-23 19:19:47.863 23772 23784 W System  : A resource failed to call AbstractCursor.close. 
2026-09-23 19:19:48.072  I  Registration: Upload accepted for NCSAMMARTH0198: HTTP 200 {"updated":1,"tags":[{"id":4526,"epc":"NCSAMMARTH0198","itemCode":"NC-sammarth","serialNo":198}]}
2026-09-23 19:19:48.075  I  Registration: Uploaded 1 tag(s); 0 still pending
2026-09-23 19:20:05.355  I  SerialService: 'NC-sammarth': server holds 198 RFID(s) [1, 2, 3, 4, 5, 6, 7, 8, 9, 10, 11, 12, 13, 14, 15, 16, 17, 18, 19, 20, 21, 22, 23, 24, 25, 26, 27, 28, 29, 30, 31, 32, 33, 34, 35, 36, 37, 38, 39, 40, 41, 42, 43, 44, 45, 46, 47, 48, 49, 50, 51, 52, 53, 54, 55, 56, 57, 58, 59, 60, 61, 62, 63, 64, 65, 66, 67, 68, 69, 70, 71, 72, 73, 74, 75, 76, 77, 78, 79, 80, 81, 82, 83, 84, 85, 86, 87, 88, 89, 90, 91, 92, 93, 94, 95, 96, 97, 98, 99, 100, 101, 102, 103, 104, 105, 106, 107, 108, 109, 110, 111, 112, 113, 114, 115, 116, 117, 118, 119, 120, 121, 122, 123, 124, 125, 126, 127, 128, 129, 130, 131, 132, 133, 134, 135, 136, 137, 138, 139, 140, 141, 142, 143, 144, 145, 146, 147, 148, 149, 150, 151, 152, 153, 154, 155, 156, 157, 158, 159, 160, 161, 162, 163, 164, 165, 166, 167, 168, 169, 170, 171, 172, 173, 174, 175, 176, 177, 178, 179, 180, 181, 182, 183, 184, 185, 186, 187, 188, 189, 190, 191, 192, 193, 194, 195, 196, 197, 198]; taking the lowest free serial 199 (NCSAMMARTH0199)
2026-09-23 19:20:06.228  I  Registration: Upload accepted for NCSAMMARTH0199: HTTP 200 {"updated":1,"tags":[{"id":4527,"epc":"NCSAMMARTH0199","itemCode":"NC-sammarth","serialNo":199}]}
2026-09-23 19:20:06.230  I  Registration: Uploaded 1 tag(s); 0 still pending
09-23 19:20:14.262 23772 23784 W System  : A resource failed to call CursorWindow.close. 
09-23 19:20:14.263 23772 23784 W System  : A resource failed to call AbstractCursor.close. 
2026-09-23 19:20:22.789  I  SerialService: 'NC-sammarth': server holds 199 RFID(s) [1, 2, 3, 4, 5, 6, 7, 8, 9, 10, 11, 12, 13, 14, 15, 16, 17, 18, 19, 20, 21, 22, 23, 24, 25, 26, 27, 28, 29, 30, 31, 32, 33, 34, 35, 36, 37, 38, 39, 40, 41, 42, 43, 44, 45, 46, 47, 48, 49, 50, 51, 52, 53, 54, 55, 56, 57, 58, 59, 60, 61, 62, 63, 64, 65, 66, 67, 68, 69, 70, 71, 72, 73, 74, 75, 76, 77, 78, 79, 80, 81, 82, 83, 84, 85, 86, 87, 88, 89, 90, 91, 92, 93, 94, 95, 96, 97, 98, 99, 100, 101, 102, 103, 104, 105, 106, 107, 108, 109, 110, 111, 112, 113, 114, 115, 116, 117, 118, 119, 120, 121, 122, 123, 124, 125, 126, 127, 128, 129, 130, 131, 132, 133, 134, 135, 136, 137, 138, 139, 140, 141, 142, 143, 144, 145, 146, 147, 148, 149, 150, 151, 152, 153, 154, 155, 156, 157, 158, 159, 160, 161, 162, 163, 164, 165, 166, 167, 168, 169, 170, 171, 172, 173, 174, 175, 176, 177, 178, 179, 180, 181, 182, 183, 184, 185, 186, 187, 188, 189, 190, 191, 192, 193, 194, 195, 196, 197, 198, 199]; taking the lowest free serial 200 (NCSAMMARTH0200)
09-23 19:20:24.308 23772 23784 W System  : A resource failed to call CursorWindow.close. 
09-23 19:20:24.308 23772 23784 W System  : A resource failed to call AbstractCursor.close. 
2026-09-23 19:20:24.484  I  Registration: Upload accepted for NCSAMMARTH0200: HTTP 200 {"updated":1,"tags":[{"id":4528,"epc":"NCSAMMARTH0200","itemCode":"NC-sammarth","serialNo":200}]}
2026-09-23 19:20:24.485  I  Registration: Uploaded 1 tag(s); 0 still pending
2026-09-23 19:20:37.600  I  SerialService: 'NC-sammarth': server holds 200 RFID(s) [1, 2, 3, 4, 5, 6, 7, 8, 9, 10, 11, 12, 13, 14, 15, 16, 17, 18, 19, 20, 21, 22, 23, 24, 25, 26, 27, 28, 29, 30, 31, 32, 33, 34, 35, 36, 37, 38, 39, 40, 41, 42, 43, 44, 45, 46, 47, 48, 49, 50, 51, 52, 53, 54, 55, 56, 57, 58, 59, 60, 61, 62, 63, 64, 65, 66, 67, 68, 69, 70, 71, 72, 73, 74, 75, 76, 77, 78, 79, 80, 81, 82, 83, 84, 85, 86, 87, 88, 89, 90, 91, 92, 93, 94, 95, 96, 97, 98, 99, 100, 101, 102, 103, 104, 105, 106, 107, 108, 109, 110, 111, 112, 113, 114, 115, 116, 117, 118, 119, 120, 121, 122, 123, 124, 125, 126, 127, 128, 129, 130, 131, 132, 133, 134, 135, 136, 137, 138, 139, 140, 141, 142, 143, 144, 145, 146, 147, 148, 149, 150, 151, 152, 153, 154, 155, 156, 157, 158, 159, 160, 161, 162, 163, 164, 165, 166, 167, 168, 169, 170, 171, 172, 173, 174, 175, 176, 177, 178, 179, 180, 181, 182, 183, 184, 185, 186, 187, 188, 189, 190, 191, 192, 193, 194, 195, 196, 197, 198, 199, 200]; taking the lowest free serial 201 (NCSAMMARTH0201)
2026-09-23 19:20:38.495  I  Registration: Upload accepted for NCSAMMARTH0201: HTTP 200 {"updated":1,"tags":[{"id":4529,"epc":"NCSAMMARTH0201","itemCode":"NC-sammarth","serialNo":201}]}
2026-09-23 19:20:38.497  I  Registration: Uploaded 1 tag(s); 0 still pending
09-23 19:21:01.444 23772 23784 W System  : A resource failed to call CursorWindow.close. 
09-23 19:21:01.444 23772 23784 W System  : A resource failed to call AbstractCursor.close. 
2026-09-23 19:21:01.802  I  SerialService: 'NC-sammarth': server holds 201 RFID(s) [1, 2, 3, 4, 5, 6, 7, 8, 9, 10, 11, 12, 13, 14, 15, 16, 17, 18, 19, 20, 21, 22, 23, 24, 25, 26, 27, 28, 29, 30, 31, 32, 33, 34, 35, 36, 37, 38, 39, 40, 41, 42, 43, 44, 45, 46, 47, 48, 49, 50, 51, 52, 53, 54, 55, 56, 57, 58, 59, 60, 61, 62, 63, 64, 65, 66, 67, 68, 69, 70, 71, 72, 73, 74, 75, 76, 77, 78, 79, 80, 81, 82, 83, 84, 85, 86, 87, 88, 89, 90, 91, 92, 93, 94, 95, 96, 97, 98, 99, 100, 101, 102, 103, 104, 105, 106, 107, 108, 109, 110, 111, 112, 113, 114, 115, 116, 117, 118, 119, 120, 121, 122, 123, 124, 125, 126, 127, 128, 129, 130, 131, 132, 133, 134, 135, 136, 137, 138, 139, 140, 141, 142, 143, 144, 145, 146, 147, 148, 149, 150, 151, 152, 153, 154, 155, 156, 157, 158, 159, 160, 161, 162, 163, 164, 165, 166, 167, 168, 169, 170, 171, 172, 173, 174, 175, 176, 177, 178, 179, 180, 181, 182, 183, 184, 185, 186, 187, 188, 189, 190, 191, 192, 193, 194, 195, 196, 197, 198, 199, 200, 201]; taking the lowest free serial 202 (NCSAMMARTH0202)
09-23 19:21:02.525 23772 23784 W System  : A resource failed to call CursorWindow.close. 
09-23 19:21:02.525 23772 23784 W System  : A resource failed to call AbstractCursor.close. 
2026-09-23 19:21:02.696  I  Registration: Upload accepted for NCSAMMARTH0202: HTTP 200 {"updated":1,"tags":[{"id":4530,"epc":"NCSAMMARTH0202","itemCode":"NC-sammarth","serialNo":202}]}
2026-09-23 19:21:02.700  I  Registration: Uploaded 1 tag(s); 0 still pending
2026-09-23 19:21:10.384  I  SerialService: 'NC-sammarth': server holds 202 RFID(s) [1, 2, 3, 4, 5, 6, 7, 8, 9, 10, 11, 12, 13, 14, 15, 16, 17, 18, 19, 20, 21, 22, 23, 24, 25, 26, 27, 28, 29, 30, 31, 32, 33, 34, 35, 36, 37, 38, 39, 40, 41, 42, 43, 44, 45, 46, 47, 48, 49, 50, 51, 52, 53, 54, 55, 56, 57, 58, 59, 60, 61, 62, 63, 64, 65, 66, 67, 68, 69, 70, 71, 72, 73, 74, 75, 76, 77, 78, 79, 80, 81, 82, 83, 84, 85, 86, 87, 88, 89, 90, 91, 92, 93, 94, 95, 96, 97, 98, 99, 100, 101, 102, 103, 104, 105, 106, 107, 108, 109, 110, 111, 112, 113, 114, 115, 116, 117, 118, 119, 120, 121, 122, 123, 124, 125, 126, 127, 128, 129, 130, 131, 132, 133, 134, 135, 136, 137, 138, 139, 140, 141, 142, 143, 144, 145, 146, 147, 148, 149, 150, 151, 152, 153, 154, 155, 156, 157, 158, 159, 160, 161, 162, 163, 164, 165, 166, 167, 168, 169, 170, 171, 172, 173, 174, 175, 176, 177, 178, 179, 180, 181, 182, 183, 184, 185, 186, 187, 188, 189, 190, 191, 192, 193, 194, 195, 196, 197, 198, 199, 200, 201, 202]; taking the lowest free serial 203 (NCSAMMARTH0203)
2026-09-23 19:21:11.446  I  Registration: Upload accepted for NCSAMMARTH0203: HTTP 200 {"updated":1,"tags":[{"id":4531,"epc":"NCSAMMARTH0203","itemCode":"NC-sammarth","serialNo":203}]}
2026-09-23 19:21:11.448  I  Registration: Uploaded 1 tag(s); 0 still pending
09-23 19:21:39.514 23772 23784 W System  : A resource failed to call CursorWindow.close. 
09-23 19:21:39.514 23772 23784 W System  : A resource failed to call AbstractCursor.close. 
09-23 19:22:19.900 23772  4085 E BufferQueueProducer: [SurfaceView[com.poxo.tittlifashionapplication/com.poxo.tittlifashionapplication.ui.registration.RegistrationActivity]#119(BLAST Consumer)119](id:5cdc0000007f,api:4,p:1176,c:23772) queueBuffer: BufferQueue has been abandoned
09-23 19:22:19.905 23772  4085 E BufferQueueProducer: [SurfaceView[com.poxo.tittlifashionapplication/com.poxo.tittlifashionapplication.ui.registration.RegistrationActivity]#119(BLAST Consumer)119](id:5cdc0000007f,api:4,p:1176,c:23772) dequeueBuffer: BufferQueue has been abandoned
