# pushed 2026-09-25 13:09:20.449 (scheduled)
# app=2.2 (build 13) device=Newland NLS-MT93 display=MT93-GL_V2.10.010_113007 android=13 (sdk 33) server=http://164.52.223.163:4636 location=TITLI NEEMUCH
# bytes 153250..168031

2026-09-25 13:05:31.572  I  UhfSession: UHF reader powered down: app moved to the background
09-25 13:05:37.186 14824 14838 W System  : A resource failed to call close. 
09-25 13:05:37.187 14824 14838 W System  : A resource failed to call SQLiteConnectionPool.close. 
09-25 13:05:37.187 14824 14838 W SQLiteConnectionPool: A SQLiteConnection object for database '/data/user/0/com.poxo.tittlifashionapplication/databases/titliFashion' was leaked!  Please fix your application to end transactions in progress properly and to close the database when it is no longer needed.
09-25 13:05:37.187 14824 14838 W System  : A resource failed to call SQLiteConnection.close. 
2026-09-25 13:06:14.348  W  Net: wifi DISCONNECTED — link had been up for 31181s
09-25 13:06:27.308 14824 14824 E SurfaceSyncer: Failed to find sync for id=0
09-25 13:06:27.308 14824 14824 E SurfaceSyncer: Failed to find sync for id=1
2026-09-25 13:06:31.490  I  UhfSession: UHF reader powered up
2026-09-25 13:06:34.359  I  Net: wifi connected
2026-09-25 13:06:34.361  W  Net: wifi is up but has NO internet (rssi -78 dBm)
2026-09-25 13:06:34.385  I  Net: wifi has internet (rssi -78 dBm)
2026-09-25 13:06:36.791  I  UhfSession: UHF reader powered down: app moved to the background
2026-09-25 13:06:51.744  W  Net: wifi DISCONNECTED — link had been up for 17s
2026-09-25 13:06:52.246  I  Net: wifi connected
2026-09-25 13:06:52.258  W  Net: wifi is up but has NO internet (rssi -32 dBm)
2026-09-25 13:06:52.284  I  Net: wifi has internet (rssi -32 dBm)
09-25 13:07:33.560 14824 14824 E SurfaceSyncer: Failed to find sync for id=0
09-25 13:07:33.560 14824 14824 E SurfaceSyncer: Failed to find sync for id=1
09-25 13:07:33.560 14824 14824 E SurfaceSyncer: Failed to find sync for id=2
09-25 13:07:34.460 14824 14854 W Parcel  : Expecting binder but got null!
2026-09-25 13:07:36.043  I  UhfSession: UHF reader powered up
09-25 13:07:39.522 14824 14824 W InputEventReceiver: Attempted to finish an input event but the input event receiver has already been disposed.
09-25 13:07:40.328 14824 14854 W Parcel  : Expecting binder but got null!
09-25 13:07:42.000 14824 14824 W InputEventReceiver: Attempted to finish an input event but the input event receiver has already been disposed.
09-25 13:07:45.625 14824 14838 W System  : A resource failed to call close. 
2026-09-25 13:07:46.297  I  SerialService: 'NC-MIXHIGH': server holds 628 RFID(s) [1, 2, 3, 4, 5, 6, 7, 8, 9, 10, 11, 12, 13, 14, 15, 16, 17, 18, 19, 20, 21, 22, 23, 24, 25, 26, 27, 28, 29, 30, 31, 32, 33, 34, 35, 36, 37, 38, 39, 40, 41, 42, 43, 44, 45, 46, 47, 48, 49, 50, 51, 52, 53, 54, 55, 56, 57, 58, 59, 60, 61, 62, 63, 64, 65, 66, 67, 68, 69, 70, 71, 72, 73, 74, 75, 76, 77, 78, 79, 80, 81, 82, 83, 84, 85, 86, 87, 88, 89, 90, 91, 92, 93, 94, 95, 96, 97, 98, 99, 100, 101, 102, 103, 104, 105, 106, 107, 108, 109, 110, 111, 112, 113, 114, 115, 116, 117, 118, 119, 120, 121, 122, 123, 124, 125, 126, 127, 128, 129, 130, 131, 132, 133, 134, 135, 136, 137, 138, 139, 140, 141, 142, 143, 144, 145, 146, 147, 148, 149, 150, 151, 152, 153, 154, 155, 156, 157, 158, 159, 160, 161, 162, 163, 164, 165, 166, 167, 168, 169, 170, 171, 172, 173, 174, 175, 176, 177, 178, 179, 180, 181, 182, 183, 184, 185, 186, 187, 188, 189, 190, 191, 192, 193, 194, 195, 196, 197, 198, 199, 200, 201, 202, 203, 204, 205, 206, 207, 208, 209, 210, 211, 212, 213, 214, 215, 216, 217, 218, 219, 220, 221, 222, 223, 224, 225, 226, 227, 228, 229, 230, 231, 232, 233, 234, 235, 236, 237, 238, 239, 240, 241, 242, 243, 244, 245, 246, 247, 248, 249, 250, 251, 252, 253, 254, 255, 256, 257, 258, 259, 260, 261, 262, 263, 264, 265, 266, 267, 268, 269, 270, 271, 272, 273, 274, 275, 276, 277, 278, 279, 280, 281, 282, 283, 284, 285, 286, 287, 288, 289, 290, 291, 292, 293, 294, 295, 296, 297, 298, 299, 300, 301, 302, 303, 304, 305, 306, 307, 308, 309, 310, 311, 312, 313, 314, 315, 316, 317, 318, 319, 320, 321, 322, 323, 324, 325, 326, 327, 328, 329, 330, 331, 332, 333, 334, 335, 336, 337, 338, 339, 340, 341, 342, 343, 344, 345, 346, 347, 348, 349, 350, 351, 352, 353, 354, 355, 356, 357, 358, 359, 360, 361, 362, 363, 364, 365, 366, 367, 368, 369, 370, 371, 372, 373, 374, 375, 376, 377, 378, 379, 380, 381, 382, 383, 384, 385, 386, 387, 388, 389, 390, 391, 392, 393, 394, 395, 396, 397, 398, 399, 400, 401, 402, 403, 404, 405, 406, 407, 408, 409, 410, 411, 412, 413, 414, 415, 416, 417, 418, 419, 420, 421, 422, 423, 424, 425, 426, 427, 428, 429, 430, 431, 432, 433, 434, 435, 436, 437, 438, 439, 440, 441, 442, 443, 444, 445, 446, 447, 448, 449, 450, 451, 452, 453, 454, 455, 456, 457, 458, 459, 460, 461, 462, 463, 464, 465, 466, 467, 468, 469, 470, 471, 472, 473, 474, 475, 476, 477, 478, 479, 480, 481, 482, 483, 484, 485, 486, 487, 488, 489, 490, 491, 492, 493, 494, 495, 496, 497, 498, 499, 500, 501, 502, 503, 504, 505, 506, 507, 508, 509, 510, 511, 512, 513, 514, 515, 516, 517, 518, 519, 520, 521, 522, 523, 524, 525, 526, 527, 528, 529, 530, 531, 532, 533, 534, 535, 536, 537, 538, 539, 540, 541, 542, 543, 544, 545, 546, 547, 548, 549, 550, 551, 552, 553, 554, 555, 556, 557, 558, 559, 560, 561, 562, 563, 564, 565, 566, 567, 568, 569, 570, 571, 572, 573, 574, 575, 576, 577, 578, 579, 580, 581, 582, 583, 584, 585, 586, 587, 588, 589, 590, 591, 592, 593, 594, 595, 596, 597, 598, 599, 600, 601, 602, 603, 604, 605, 606, 607, 608, 609, 610, 611, 612, 613, 614, 615, 616, 617, 618, 619, 620, 621, 622, 623, 624, 625, 626, 627, 628]; taking the lowest free serial 629 (NCMIXHIGH0629)
09-25 13:08:09.747 14824 14838 W SQLiteConnectionPool: A SQLiteConnection object for database '/data/user/0/com.poxo.tittlifashionapplication/databases/titliFashion' was leaked!  Please fix your application to end transactions in progress properly and to close the database when it is no longer needed.
09-25 13:08:09.748 14824 14838 W System  : A resource failed to call SQLiteConnection.close. 
09-25 13:08:09.748 14824 14838 W System  : A resource failed to call SQLiteConnectionPool.close. 
09-25 13:08:42.176 14824 14841 E BufferQueueProducer: [SurfaceView[com.poxo.tittlifashionapplication/com.poxo.tittlifashionapplication.ui.registration.RegistrationActivity]#155(BLAST Consumer)155](id:39e8000000ab,api:4,p:1176,c:14824) queueBuffer: BufferQueue has been abandoned
09-25 13:08:42.188 14824 14841 E BufferQueueProducer: [SurfaceView[com.poxo.tittlifashionapplication/com.poxo.tittlifashionapplication.ui.registration.RegistrationActivity]#155(BLAST Consumer)155](id:39e8000000ab,api:4,p:1176,c:14824) cancelBuffer: BufferQueue has been abandoned
09-25 13:08:42.190 14824 14842 E BufferQueueProducer: [SurfaceView[com.poxo.tittlifashionapplication/com.poxo.tittlifashionapplication.ui.registration.RegistrationActivity]#155(BLAST Consumer)155](id:39e8000000ab,api:4,p:1176,c:14824) cancelBuffer: BufferQueue has been abandoned
09-25 13:08:42.190 14824 14842 E BufferQueueProducer: [SurfaceView[com.poxo.tittlifashionapplication/com.poxo.tittlifashionapplication.ui.registration.RegistrationActivity]#155(BLAST Consumer)155](id:39e8000000ab,api:4,p:1176,c:14824) cancelBuffer: BufferQueue has been abandoned
09-25 13:08:42.204 14824 14842 E BufferQueueProducer: [SurfaceView[com.poxo.tittlifashionapplication/com.poxo.tittlifashionapplication.ui.registration.RegistrationActivity]#155(BLAST Consumer)155](id:39e8000000ab,api:4,p:1176,c:14824) cancelBuffer: BufferQueue has been abandoned
2026-09-25 13:08:43.547  I  UhfSession: UHF reader powered down: app moved to the background
09-25 13:08:43.561 14824 14824 E SurfaceSyncer: Failed to find sync for id=0
09-25 13:08:43.561 14824 14824 E SurfaceSyncer: Failed to find sync for id=1
09-25 13:08:43.561 14824 14824 E SurfaceSyncer: Failed to find sync for id=2
09-25 13:08:43.561 14824 14824 E SurfaceSyncer: Failed to find sync for id=3
2026-09-25 13:08:46.059  W  UhfSession: Could not power up the UHF reader
2026-09-25 13:08:48.780  I  UhfSession: UHF reader powered up
2026-09-25 13:08:53.654  I  SerialService: 'NC-MIXHIGH': server holds 628 RFID(s) [1, 2, 3, 4, 5, 6, 7, 8, 9, 10, 11, 12, 13, 14, 15, 16, 17, 18, 19, 20, 21, 22, 23, 24, 25, 26, 27, 28, 29, 30, 31, 32, 33, 34, 35, 36, 37, 38, 39, 40, 41, 42, 43, 44, 45, 46, 47, 48, 49, 50, 51, 52, 53, 54, 55, 56, 57, 58, 59, 60, 61, 62, 63, 64, 65, 66, 67, 68, 69, 70, 71, 72, 73, 74, 75, 76, 77, 78, 79, 80, 81, 82, 83, 84, 85, 86, 87, 88, 89, 90, 91, 92, 93, 94, 95, 96, 97, 98, 99, 100, 101, 102, 103, 104, 105, 106, 107, 108, 109, 110, 111, 112, 113, 114, 115, 116, 117, 118, 119, 120, 121, 122, 123, 124, 125, 126, 127, 128, 129, 130, 131, 132, 133, 134, 135, 136, 137, 138, 139, 140, 141, 142, 143, 144, 145, 146, 147, 148, 149, 150, 151, 152, 153, 154, 155, 156, 157, 158, 159, 160, 161, 162, 163, 164, 165, 166, 167, 168, 169, 170, 171, 172, 173, 174, 175, 176, 177, 178, 179, 180, 181, 182, 183, 184, 185, 186, 187, 188, 189, 190, 191, 192, 193, 194, 195, 196, 197, 198, 199, 200, 201, 202, 203, 204, 205, 206, 207, 208, 209, 210, 211, 212, 213, 214, 215, 216, 217, 218, 219, 220, 221, 222, 223, 224, 225, 226, 227, 228, 229, 230, 231, 232, 233, 234, 235, 236, 237, 238, 239, 240, 241, 242, 243, 244, 245, 246, 247, 248, 249, 250, 251, 252, 253, 254, 255, 256, 257, 258, 259, 260, 261, 262, 263, 264, 265, 266, 267, 268, 269, 270, 271, 272, 273, 274, 275, 276, 277, 278, 279, 280, 281, 282, 283, 284, 285, 286, 287, 288, 289, 290, 291, 292, 293, 294, 295, 296, 297, 298, 299, 300, 301, 302, 303, 304, 305, 306, 307, 308, 309, 310, 311, 312, 313, 314, 315, 316, 317, 318, 319, 320, 321, 322, 323, 324, 325, 326, 327, 328, 329, 330, 331, 332, 333, 334, 335, 336, 337, 338, 339, 340, 341, 342, 343, 344, 345, 346, 347, 348, 349, 350, 351, 352, 353, 354, 355, 356, 357, 358, 359, 360, 361, 362, 363, 364, 365, 366, 367, 368, 369, 370, 371, 372, 373, 374, 375, 376, 377, 378, 379, 380, 381, 382, 383, 384, 385, 386, 387, 388, 389, 390, 391, 392, 393, 394, 395, 396, 397, 398, 399, 400, 401, 402, 403, 404, 405, 406, 407, 408, 409, 410, 411, 412, 413, 414, 415, 416, 417, 418, 419, 420, 421, 422, 423, 424, 425, 426, 427, 428, 429, 430, 431, 432, 433, 434, 435, 436, 437, 438, 439, 440, 441, 442, 443, 444, 445, 446, 447, 448, 449, 450, 451, 452, 453, 454, 455, 456, 457, 458, 459, 460, 461, 462, 463, 464, 465, 466, 467, 468, 469, 470, 471, 472, 473, 474, 475, 476, 477, 478, 479, 480, 481, 482, 483, 484, 485, 486, 487, 488, 489, 490, 491, 492, 493, 494, 495, 496, 497, 498, 499, 500, 501, 502, 503, 504, 505, 506, 507, 508, 509, 510, 511, 512, 513, 514, 515, 516, 517, 518, 519, 520, 521, 522, 523, 524, 525, 526, 527, 528, 529, 530, 531, 532, 533, 534, 535, 536, 537, 538, 539, 540, 541, 542, 543, 544, 545, 546, 547, 548, 549, 550, 551, 552, 553, 554, 555, 556, 557, 558, 559, 560, 561, 562, 563, 564, 565, 566, 567, 568, 569, 570, 571, 572, 573, 574, 575, 576, 577, 578, 579, 580, 581, 582, 583, 584, 585, 586, 587, 588, 589, 590, 591, 592, 593, 594, 595, 596, 597, 598, 599, 600, 601, 602, 603, 604, 605, 606, 607, 608, 609, 610, 611, 612, 613, 614, 615, 616, 617, 618, 619, 620, 621, 622, 623, 624, 625, 626, 627, 628]; taking the lowest free serial 629 (NCMIXHIGH0629)
2026-09-25 13:08:54.632  I  Registration: Upload accepted for NCMIXHIGH0629: HTTP 200 {"updated":1,"tags":[{"id":5330,"epc":"NCMIXHIGH0629","itemCode":"NC-MIXHIGH","serialNo":629}]}
2026-09-25 13:08:54.636  I  Registration: Uploaded 1 tag(s); 0 still pending
2026-09-25 13:09:13.670  I  SerialService: 'NC-MIXHIGH': server holds 629 RFID(s) [1, 2, 3, 4, 5, 6, 7, 8, 9, 10, 11, 12, 13, 14, 15, 16, 17, 18, 19, 20, 21, 22, 23, 24, 25, 26, 27, 28, 29, 30, 31, 32, 33, 34, 35, 36, 37, 38, 39, 40, 41, 42, 43, 44, 45, 46, 47, 48, 49, 50, 51, 52, 53, 54, 55, 56, 57, 58, 59, 60, 61, 62, 63, 64, 65, 66, 67, 68, 69, 70, 71, 72, 73, 74, 75, 76, 77, 78, 79, 80, 81, 82, 83, 84, 85, 86, 87, 88, 89, 90, 91, 92, 93, 94, 95, 96, 97, 98, 99, 100, 101, 102, 103, 104, 105, 106, 107, 108, 109, 110, 111, 112, 113, 114, 115, 116, 117, 118, 119, 120, 121, 122, 123, 124, 125, 126, 127, 128, 129, 130, 131, 132, 133, 134, 135, 136, 137, 138, 139, 140, 141, 142, 143, 144, 145, 146, 147, 148, 149, 150, 151, 152, 153, 154, 155, 156, 157, 158, 159, 160, 161, 162, 163, 164, 165, 166, 167, 168, 169, 170, 171, 172, 173, 174, 175, 176, 177, 178, 179, 180, 181, 182, 183, 184, 185, 186, 187, 188, 189, 190, 191, 192, 193, 194, 195, 196, 197, 198, 199, 200, 201, 202, 203, 204, 205, 206, 207, 208, 209, 210, 211, 212, 213, 214, 215, 216, 217, 218, 219, 220, 221, 222, 223, 224, 225, 226, 227, 228, 229, 230, 231, 232, 233, 234, 235, 236, 237, 238, 239, 240, 241, 242, 243, 244, 245, 246, 247, 248, 249, 250, 251, 252, 253, 254, 255, 256, 257, 258, 259, 260, 261, 262, 263, 264, 265, 266, 267, 268, 269, 270, 271, 272, 273, 274, 275, 276, 277, 278, 279, 280, 281, 282, 283, 284, 285, 286, 287, 288, 289, 290, 291, 292, 293, 294, 295, 296, 297, 298, 299, 300, 301, 302, 303, 304, 305, 306, 307, 308, 309, 310, 311, 312, 313, 314, 315, 316, 317, 318, 319, 320, 321, 322, 323, 324, 325, 326, 327, 328, 329, 330, 331, 332, 333, 334, 335, 336, 337, 338, 339, 340, 341, 342, 343, 344, 345, 346, 347, 348, 349, 350, 351, 352, 353, 354, 355, 356, 357, 358, 359, 360, 361, 362, 363, 364, 365, 366, 367, 368, 369, 370, 371, 372, 373, 374, 375, 376, 377, 378, 379, 380, 381, 382, 383, 384, 385, 386, 387, 388, 389, 390, 391, 392, 393, 394, 395, 396, 397, 398, 399, 400, 401, 402, 403, 404, 405, 406, 407, 408, 409, 410, 411, 412, 413, 414, 415, 416, 417, 418, 419, 420, 421, 422, 423, 424, 425, 426, 427, 428, 429, 430, 431, 432, 433, 434, 435, 436, 437, 438, 439, 440, 441, 442, 443, 444, 445, 446, 447, 448, 449, 450, 451, 452, 453, 454, 455, 456, 457, 458, 459, 460, 461, 462, 463, 464, 465, 466, 467, 468, 469, 470, 471, 472, 473, 474, 475, 476, 477, 478, 479, 480, 481, 482, 483, 484, 485, 486, 487, 488, 489, 490, 491, 492, 493, 494, 495, 496, 497, 498, 499, 500, 501, 502, 503, 504, 505, 506, 507, 508, 509, 510, 511, 512, 513, 514, 515, 516, 517, 518, 519, 520, 521, 522, 523, 524, 525, 526, 527, 528, 529, 530, 531, 532, 533, 534, 535, 536, 537, 538, 539, 540, 541, 542, 543, 544, 545, 546, 547, 548, 549, 550, 551, 552, 553, 554, 555, 556, 557, 558, 559, 560, 561, 562, 563, 564, 565, 566, 567, 568, 569, 570, 571, 572, 573, 574, 575, 576, 577, 578, 579, 580, 581, 582, 583, 584, 585, 586, 587, 588, 589, 590, 591, 592, 593, 594, 595, 596, 597, 598, 599, 600, 601, 602, 603, 604, 605, 606, 607, 608, 609, 610, 611, 612, 613, 614, 615, 616, 617, 618, 619, 620, 621, 622, 623, 624, 625, 626, 627, 628, 629]; taking the lowest free serial 630 (NCMIXHIGH0630)
2026-09-25 13:09:14.551  I  Registration: Upload accepted for NCMIXHIGH0630: HTTP 200 {"updated":1,"tags":[{"id":5331,"epc":"NCMIXHIGH0630","itemCode":"NC-MIXHIGH","serialNo":630}]}
2026-09-25 13:09:14.555  I  Registration: Uploaded 1 tag(s); 0 still pending
